1268592661159258000 0
1268592661359672000 60
1268592661560224000 55
1268592661791744000 61
1268592661993140000 61
1268592662212135000 54
1268592662413031000 55
1268592662620800000 59
1268592662822482000 61
1268592663032983000 55
1268592663234364000 61
1268592663436162000 50
1268592663636738000 55
1268592663837925000 61
1268592664051303000 51
1268592664252924000 61
1268592664461626000 54
1268592664662672000 61
1268592664881329000 54
1268592665081421000 60
1268592665302265000 61
1268592665531869000 65
1268592665733095000 61
1268592665951531000 54
1268592666153069000 61
1268592666361819000 57
1268592666572173000 55
1268592666773351000 61
1268592666974186000 55
1268592667175507000 61
1268592667377193000 50
1268592667582100000 52
1268592667783578000 61
1268592668002067000 54
1268592668203163000 61
1268592668403721000 55
1268592668604952000 50
1268592668805574000 44
1268592669007264000 44
1268592669209034000 61
1268592669410825000 56
1268592669611973000 50
1268592669841496000 60
1268592670071326000 60
1268592670272631000 61
1268592670473397000 55
1268592670674463000 50
1268592670876107000 61
1268592671076254000 44
1268592671302073000 58
1268592671503017000 55
1268592671712547000 60
1268592671913832000 61
1268592672132658000 54
1268592672333956000 61
1268592672540743000 53
1268592672742026000 61
1268592672942770000 44
1268592673144193000 61
1268592673362401000 54
1268592673580874000 54
1268592673811591000 66
1268592674012907000 61
1268592674231804000 54
1268592674441357000 60
1268592674651156000 55
1268592674872083000 55
1268592675072825000 55
1268592675274223000 61
1268592675475364000 61
1268592675676397000 50
1268592675902665000 58
1268592676104033000 61
1268592676322715000 54
1268592676523205000 43
1268592676731725000 54
1268592676941331000 49
1268592677142690000 61
1268592677360904000 54
1268592677561738000 55
1268592677771430000 60
1268592677972833000 61
1268592678191571000 54
1268592678392809000 61
1268592678601646000 54
1268592678803006000 61
1268592679003709000 44
1268592679205009000 61
1268592679421021000 53
1268592679641402000 66
1268592679842485000 61
1268592680043256000 55
1268592680244517000 61
1268592680461159000 53
1268592680662266000 61
1268592680891854000 60
1268592681121495000 60
1268592681322134000 61
1268592681523515000 55
1268592681724643000 50
1268592681925718000 61
1268592682140919000 52
1268592682342284000 61
1268592682542992000 55
1268592682744142000 50
1268592682944717000 44
1268592683146082000 61
1268592683362534000 53
1268592683563301000 55
1268592683764105000 66
1268592683991857000 59
1268592684193305000 61
1268592684412277000 54
1268592684632892000 55
1268592684842602000 60
1268592685043056000 55
1268592685244496000 61
1268592685452378000 48
1268592685654112000 61
1268592685854905000 55
1268592686056285000 61
1268592686271544000 52
1268592686471592000 60
1268592686682049000 55
1268592686883242000 61
1268592687092067000 54
1268592687293391000 61
1268592687512248000 54
1268592687714052000 61
1268592687932754000 54
1268592688134534000 61
1268592688351489000 53
1268592688552819000 61
1268592688753268000 55
1268592688972279000 65
1268592689173585000 61
1268592689392350000 54
1268592689593032000 55
1268592689801290000 54
1268592690002785000 61
1268592690203463000 44
1268592690432787000 60
1268592690632971000 55
1268592690842394000 60
1268592691061320000 54
1268592691262538000 61
1268592691482697000 55
1268592691701345000 55
1268592691911100000 60
1268592692121489000 49
1268592692322609000 61
1268592692542976000 55
1268592692772098000 60
1268592693001734000 60
1268592693203127000 61
1268592693421260000 54
1268592693632681000 61
1268592693840755000 54
1268592694041994000 61
1268592694262515000 55
1268592694463736000 61
1268592694664403000 55
1268592694865119000 50
1268592695065683000 55
1268592695282727000 53
1268592695512424000 60
1268592695712988000 55
1268592695921330000 54
1268592696122452000 61
1268592696342752000 55
1268592696544239000 61
1268592696744721000 55
1268592696972530000 59
1268592697173935000 61
1268592697374868000 55
1268592697600856000 58
1268592697821263000 55
1268592698022624000 61
1268592698241076000 54
1268592698442628000 61
1268592698661214000 54
1268592698892460000 61
1268592699122161000 60
1268592699322515000 61
1268592699541278000 54
1268592699752727000 61
1268592699961079000 54
1268592700192631000 61
1268592700393757000 61
1268592700612432000 54
1268592700813429000 61
1268592701014092000 44
1268592701241765000 59
1268592701442431000 61
1268592701661545000 54
1268592701890721000 65
1268592702092356000 61
1268592702310979000 54
1268592702512780000 61
1268592702713269000 55
1268592702942521000 54
1268592703143690000 61
1268592703361708000 54
1268592703591190000 60
1268592703792090000 55
1268592704002335000 55
1268592704203824000 61
1268592704420943000 53
1268592704622105000 61
1268592704822739000 55
1268592705032781000 60
1268592705251369000 54
1268592705481414000 66
1268592705682419000 61
1268592705901031000 54
1268592706102469000 61
1268592706321240000 54
1268592706522750000 61
1268592706742002000 54
1268592706942392000 44
1268592707143712000 61
1268592707362340000 54
1268592707563557000 61
1268592707764338000 55
1268592707964954000 55
1268592708190741000 58
1268592708391973000 61
1268592708612350000 55
1268592708812666000 55
1268592709013537000 55
1268592709241314000 59
1268592709442276000 61
1268592709643004000 55
1268592709855019000 60
1268592710056636000 63
1268592710282595000 58
1268592710483767000 61
1268592710702202000 54
1268592710921942000 66
1268592711123344000 61
1268592711331234000 48
1268592711532993000 61
1268592711751876000 54
1268592711952183000 60
1268592712171220000 54
1268592712372894000 61
1268592712591673000 54
1268592712792838000 61
1268592713001053000 53
1268592713202680000 61
1268592713421052000 54
1268592713622243000 61
1268592713822993000 55
1268592714040694000 59
1268592714242094000 61
1268592714461259000 54
1268592714662991000 61
1268592714864058000 55
1268592715071573000 42
1268592715273292000 61
1268592715481707000 54
1268592715683229000 61
1268592715884212000 44
1268592716092200000 59
1268592716293564000 61
1268592716512609000 54
1268592716714331000 61
1268592716941902000 53
1268592717161006000 65
1268592717392529000 61
1268592717593992000 61
1268592717812808000 54
1268592718012820000 60
1268592718231830000 54
1268592718433368000 61
1268592718652124000 54
1268592718881270000 54
1268592719091821000 55
1268592719293262000 61
1268592719512122000 54
1268592719713379000 61
1268592719914162000 55
1268592720132884000 43
1268592720334323000 61
1268592720551358000 53
1268592720752864000 61
1268592720972658000 60
1268592721173027000 55
1268592721391819000 54
1268592721593314000 61
1268592721811754000 54
1268592722012249000 60
1268592722213062000 55
1268592722414286000 61
1268592722631382000 53
1268592722832692000 61
1268592723041987000 54
1268592723243327000 61
1268592723451644000 48
1268592723651664000 60
1268592723872513000 55
1268592724072851000 60
1268592724291847000 54
1268592724493337000 61
1268592724712332000 54
1268592724931890000 60
1268592725151454000 49
1268592725353045000 61
1268592725572035000 54
1268592725773594000 61
1268592725974276000 55
1268592726175447000 50
1268592726401659000 58
1268592726603351000 61
1268592726822380000 54
1268592727027499000 55
1268592727232538000 55
1268592727433304000 55
1268592727635016000 61
1268592727852432000 53
1268592728061577000 54
1268592728271540000 60
1268592728471773000 60
1268592728692547000 55
1268592728894244000 61
1268592729101932000 53
1268592729331979000 60
1268592729533764000 61
1268592729752746000 54
1268592729954391000 61
1268592730172004000 51
1268592730373547000 61
1268592730574221000 44
1268592730802597000 59
1268592731004015000 61
1268592731210932000 53
1268592731410971000 60
1268592731631668000 55
1268592731833301000 61
1268592732034598000 55
1268592732235959000 50
1268592732462665000 58
1268592732664076000 61
1268592732881239000 53
1268592733082398000 55
1268592733290897000 54
1268592733512113000 55
1268592733712161000 60
1268592733931345000 54
1268592734131983000 60
1268592734333018000 55
1268592734534814000 61
1268592734752054000 53
1268592734971222000 65
1268592735172133000 55
1268592735391248000 54
1268592735592995000 61
1268592735812277000 54
1268592736014029000 61
1268592736231521000 53
1268592736433151000 61
1268592736651931000 54
1268592736853330000 61
1268592737053576000 49
1268592737254732000 53
1268592737481188000 58
1268592737682927000 61
1268592737902163000 54
1268592738103430000 55
1268592738311453000 59
1268592738511497000 60
1268592738732485000 55
1268592738941292000 54
1268592739142211000 55
1268592739343544000 50
1268592739562650000 54
1268592739762707000 60
1268592739981942000 54
1268592740182715000 55
1268592740390956000 59
1268592740590979000 60
1268592740812054000 55
1268592741031267000 65
1268592741232372000 55
1268592741451395000 54
1268592741653100000 61
1268592741872469000 54
1268592742072787000 60
1268592742292146000 54
1268592742493958000 61
1268592742710990000 53
1268592742941230000 60
1268592743152229000 55
1268592743362280000 60
1268592743562318000 60
1268592743781505000 54
1268592743983173000 61
1268592744184349000 55
1268592744385523000 55
1268592744612645000 58
1268592744814372000 61
1268592745031950000 53
1268592745232370000 55
1268592745433497000 66
1268592745652767000 54
1268592745854492000 61
1268592746072094000 53
1268592746302066000 60
1268592746502351000 60
1268592746721371000 54
1268592746942565000 55
1268592747142912000 60
1268592747361156000 59
1268592747562835000 61
1268592747782073000 54
1268592747982117000 60
1268592748183369000 55
1268592748384962000 50
1268592748585037000 60
1268592748802276000 53
1268592749002664000 55
1268592749211741000 54
1268592749421957000 60
1268592749623594000 61
1268592749841101000 53
1268592750041309000 60
1268592750242432000 55
1268592750443412000 55
1268592750671730000 59
1268592750871771000 60
1268592751072706000 44
1268592751273448000 55
1268592751500852000 64
1268592751702472000 61
1268592751921605000 54
1268592752121728000 60
1268592752331292000 54
1268592752531326000 60
1268592752752106000 55
1268592752971360000 65
1268592753171477000 60
1268592753401264000 60
1268592753602842000 61
1268592753822177000 54
1268592754052483000 60
1268592754261928000 54
1268592754472158000 60
1268592754672369000 60
1268592754891596000 54
1268592755122606000 60
1268592755323270000 55
1268592755525021000 50
1268592755751667000 58
1268592755951682000 60
1268592756172839000 55
1268592756400928000 59
1268592756602568000 61
1268592756821794000 54
1268592757021904000 60
1268592757241310000 54
1268592757441877000 60
1268592757642082000 60
1268592757861280000 54
1268592758061586000 60
1268592758262438000 55
1268592758463419000 55
1268592758691955000 59
1268592758892056000 60
1268592759093225000 55
1268592759301941000 54
1268592759521162000 65
1268592759722975000 61
1268592759942224000 54
1268592760161330000 54
1268592760382338000 55
1268592760592644000 60
1268592760792772000 60
1268592761001170000 48
1268592761201360000 60
1268592761411595000 60
1268592761630859000 54
1268592761831047000 60
1268592762052535000 55
1268592762252608000 60
1268592762453850000 47
1268592762671223000 53
1268592762871515000 60
1268592763072532000 44
1268592763302280000 60
1268592763532492000 60
1268592763732775000 60
1268592763933752000 44
1268592764133757000 60
1268592764362471000 59
1268592764570695000 59
1268592764771049000 60
1268592764972258000 55
1268592765191711000 65
1268592765393027000 66
1268592765594720000 55
1268592765821647000 58
1268592766021676000 60
1268592766241064000 54
1268592766442420000 55
1268592766651098000 59
1268592766852880000 61
1268592767062928000 49
1268592767263049000 60
1268592767463673000 49
1268592767665096000 55
1268592767865204000 60
1268592768080999000 52
1268592768281185000 60
1268592768483039000 50
1268592768702229000 54
1268592768912890000 60
1268592769114642000 61
1268592769332228000 53
1268592769532801000 49
1268592769733092000 60
1268592769952372000 54
1268592770152743000 60
1268592770372137000 54
1268592770602217000 60
1268592770802342000 60
1268592771003351000 44
1268592771203511000 60
1268592771431926000 59
1268592771642246000 60
1268592771842426000 60
1268592772062027000 54
1268592772262218000 60
1268592772463699000 55
1268592772681489000 55
1268592772883311000 61
1268592773092737000 54
1268592773293031000 60
1268592773512320000 59
1268592773722463000 60
1268592773924038000 61
1268592774141696000 53
1268592774341756000 60
1268592774551456000 54
1268592774751874000 60
1268592774952715000 44
1268592775161174000 48
1268592775391583000 60
1268592775621442000 65
1268592775821816000 60
1268592776041075000 54
1268592776242099000 60
1268592776443074000 55
1268592776644343000 55
1268592776871005000 58
1268592777092710000 66
1268592777292982000 60
1268592777520996000 53
1268592777731640000 55
1268592777931878000 60
1268592778151221000 54
1268592778351272000 60
1268592778552297000 55
1268592778753899000 50
1268592778955145000 55
1268592779181634000 58
1268592779383023000 61
1268592779583594000 49
1268592779784601000 55
1268592779986366000 61
1268592780192374000 52
1268592780394025000 61
1268592780595805000 50
1268592780796940000 55
1268592781001689000 46
1268592781203481000 61
1268592781422244000 54
1268592781650604000 59
1268592781850864000 60
1268592782071998000 55
1268592782273781000 61
1268592782491149000 53
1268592782721863000 60
1268592782941118000 54
1268592783141488000 60
1268592783361864000 55
1268592783562498000 60
1268592783763759000 55
1268592783972228000 48
1268592784172310000 60
1268592784391522000 54
1268592784592596000 55
1268592784801539000 54
1268592785031127000 65
1268592785252226000 66
1268592785480885000 65
1268592785681657000 60
1268592785900996000 54
1268592786101185000 60
1268592786322460000 55
1268592786522483000 60
1268592786730709000 53
1268592786941142000 49
1268592787141594000 60
1268592787362351000 55
1268592787563581000 55
1268592787770886000 53
1268592787971110000 60
1268592788192512000 55
1268592788394296000 61
1268592788595524000 55
1268592788795554000 49
1268592789001965000 47
1268592789202381000 60
1268592789421265000 54
1268592789621738000 60
1268592789822757000 55
1268592790022773000 60
1268592790224089000 44
1268592790424390000 60
1268592790625407000 44
1268592790832115000 58
1268592791062380000 60
1268592791262654000 60
1268592791481108000 54
1268592791692413000 55
1268592791900761000 59
1268592792101033000 60
1268592792322178000 55
1268592792522592000 60
1268592792732232000 54
1268592792941057000 48
1268592793141294000 60
1268592793361807000 55
1268592793563550000 61
1268592793771803000 48
1268592793973332000 56
1268592794175057000 61
1268592794392573000 53
1268592794592827000 60
1268592794812289000 54
1268592795032019000 65
1268592795251135000 65
1268592795482209000 66
1268592795682892000 60
1268592795884059000 55
1268592796084110000 60
1268592796301637000 53
1268592796503434000 61
1268592796704381000 55
1268592796905509000 55
1268592797121359000 52
1268592797321457000 60
1268592797542568000 55
1268592797751826000 54
1268592797962363000 60
1268592798163924000 59
1268592798386886000 56
1268592798588681000 61
1268592798790914000 53
1268592799001879000 55
1268592799202230000 60
1268592799421051000 54
1268592799642103000 55
1268592799843671000 61
1268592800071873000 59
1268592800281949000 49
1268592800483746000 61
1268592800684774000 55
1268592800885974000 55
1268592801094113000 58
1268592801294211000 60
1268592801511718000 53
1268592801712653000 55
1268592801914276000 50
1268592802114487000 60
1268592802331957000 53
1268592802532105000 60
1268592802733051000 55
1268592802934231000 55
1268592803152076000 53
1268592803352101000 60
1268592803571499000 54
1268592803781829000 60
1268592803990779000 54
1268592804190817000 60
1268592804411463000 55
1268592804613155000 61
1268592804814308000 55
1268592805032419000 59
1268592805251328000 65
1268592805482091000 66
1268592805682363000 60
1268592805892417000 49
1268592806092686000 60
1268592806311822000 54
1268592806513622000 61
1268592806733021000 54
1268592806941066000 48
1268592807142843000 61
1268592807361397000 54
1268592807561450000 60
1268592807762919000 55
1268592807971650000 54
1268592808172088000 58
1268592808396907000 57
1268592808598612000 61
1268592808799690000 55
1268592809000713000 55
1268592809212418000 50
1268592809414233000 61
1268592809631392000 53
1268592809841228000 60
1268592810051799000 55
1268592810281953000 60
1268592810483722000 61
1268592810702954000 54
1268592810904411000 61
1268592811104661000 60
1268592811331091000 58
1268592811532541000 61
1268592811751600000 54
1268592811952051000 44
1268592812152172000 60
1268592812371040000 54
1268592812572822000 61
1268592812791840000 54
1268592812992298000 60
1268592813192700000 60
1268592813393379000 44
1268592813594856000 61
1268592813822487000 53
1268592814031175000 54
1268592814231228000 60
1268592814452061000 55
1268592814653771000 61
1268592814854441000 55
1268592815055202000 44
1268592815255471000 60
1268592815482589000 64
1268592815684247000 61
1268592815884478000 49
1268592816085334000 55
1268592816287084000 61
1268592816502489000 52
1268592816704038000 61
1268592816904771000 55
1268592817105659000 55
1268592817332181000 58
1268592817551341000 54
1268592817751363000 60
1268592817971814000 55
1268592818191250000 54
1268592818391797000 60
1268592818612638000 55
1268592818814324000 61
1268592819014969000 60
1268592819232319000 53
1268592819451310000 54
1268592819652925000 61
1268592819872143000 54
1268592820073291000 55
1268592820281769000 48
1268592820483267000 61
1268592820702215000 54
1268592820911115000 54
1268592821132196000 66
1268592821361455000 65
1268592821563108000 61
1268592821782189000 54
1268592821991448000 54
1268592822201757000 60
1268592822411625000 49
1268592822613323000 61
1268592822832401000 54
1268592823062201000 60
1268592823262634000 60
1268592823472594000 49
1268592823674310000 61
1268592823891390000 53
1268592824092301000 66
1268592824311473000 54
1268592824512981000 61
1268592824731876000 54
1268592824932587000 55
1268592825133386000 55
1268592825361953000 65
1268592825563530000 61
1268592825782279000 54
1268592826001481000 65
1268592826211993000 55
1268592826413697000 61
1268592826632619000 54
1268592826834438000 61
1268592827035788000 66
1268592827237369000 50
1268592827450989000 51
1268592827651195000 60
1268592827872018000 55
1268592828073384000 61
1268592828292766000 54
1268592828493913000 59
1268592828716780000 56
1268592828931830000 57
1268592829151458000 65
1268592829353259000 61
1268592829562512000 54
1268592829764192000 61
1268592829970949000 53
1268592830192546000 66
1268592830392554000 60
1268592830611555000 54
1268592830813245000 61
1268592831013896000 55
1268592831231324000 57
1268592831452268000 55
1268592831654080000 61
1268592831871014000 53
1268592832092142000 55
1268592832302352000 60
1268592832504172000 61
1268592832721425000 53
1268592832942841000 55
1268592833143984000 55
1268592833362389000 59
1268592833562436000 60
1268592833781727000 54
1268592833983528000 61
1268592834201299000 53
1268592834402975000 61
1268592834604116000 42
1268592834804314000 60
1268592835005446000 44
1268592835211137000 63
1268592835412949000 61
1268592835632185000 54
1268592835833721000 61
1268592836034899000 55
1268592836235763000 55
1268592836461964000 58
1268592836663743000 61
1268592836882784000 54
1268592837083966000 55
1268592837292427000 59
1268592837511637000 54
1268592837713275000 61
1268592837932464000 54
1268592838151483000 54
1268592838361739000 60
1268592838562111000 58
1268592838786698000 57
1268592838991719000 52
1268592839221721000 60
1268592839451923000 60
1268592839653643000 61
1268592839872624000 54
1268592840082697000 60
1268592840291129000 54
1268592840492866000 61
1268592840711815000 54
1268592840941845000 60
1268592841151639000 60
1268592841369867000 36
1268592841570472000 44
1268592841820020000 38
1268592842020534000 44
1268592842221298000 22
1268592842422013000 44
1268592842671873000 38
1268592842872635000 44
1268592843101908000 38
1268592843351793000 38
1268592843552935000 44
1268592843802860000 38
1268592844003765000 44
1268592844211124000 37
1268592844411903000 44
1268592844661506000 38
1268592844862144000 44
1268592845091399000 38
1268592845341348000 49
1268592845542094000 44
1268592845792013000 38
1268592845992908000 44
1268592846202444000 27
1268592846403021000 44
1268592846604622000 28
1268592846861856000 42
1268592847121419000 49
1268592847362299000 44
1268592847562976000 44
1268592847812970000 38
1268592848013585000 44
1268592848222723000 27
1268592848423218000 44
1268592848671553000 37
1268592848872077000 44
1268592849121500000 38
1268592849352967000 50
1268592849553487000 44
1268592849832145000 37
1268592850032774000 44
1268592850242022000 27
1268592850442410000 44
1268592850692122000 38
1268592850892740000 44
1268592851122107000 38
1268592851371769000 49
1268592851572386000 44
1268592851822105000 38
1268592852022535000 44
1268592852232311000 27
1268592852432819000 44
1268592852682648000 38
1268592852882908000 44
1268592853111396000 32
1268592853361290000 38
1268592853561784000 44
1268592853812113000 38
1268592854012807000 44
1268592854282185000 38
1268592854482671000 44
1268592854732452000 38
1268592854932672000 44
1268592855182425000 38
1268592855412020000 49
1268592855612698000 44
1268592855862454000 38
1268592856063250000 44
1268592856271242000 26
1268592856471780000 44
1268592856721487000 38
1268592856971232000 38
1268592857171746000 44
1268592857401270000 27
1268592857601826000 44
1268592857851548000 38
1268592858052218000 44
1268592858261554000 38
1268592858462037000 44
1268592858711744000 38
1268592858972848000 44
1268592859173595000 44
1268592859375323000 39
1268592859632270000 42
1268592859832750000 44
1268592860082409000 38
1268592860342012000 38
1268592860542644000 44
1268592860792437000 38
1268592860992996000 44
1268592861242746000 38
1268592861472407000 49
1268592861673052000 44
1268592861923068000 38
1268592862123907000 44
1268592862331695000 26
1268592862532203000 44
1268592862781963000 38
1268592862983253000 39
1268592863242374000 43
1268592863492020000 49
1268592863692553000 44
1268592863942519000 38
1268592864143711000 42
1268592864351679000 26
1268592864552345000 44
1268592864802240000 38
1268592865062820000 44
1268592865321346000 49
1268592865571121000 38
1268592865771784000 44
1268592866023209000 39
1268592866223693000 44
1268592866431116000 37
1268592866631622000 44
1268592866872431000 38
1268592867121293000 49
1268592867321886000 44
1268592867531250000 38
1268592867731902000 44
1268592867976315000 34
1268592868177743000 43
1268592868392808000 29
1268592868618475000 40
1268592868819666000 43
1268592869061867000 33
1268592869262693000 43
1268592869464387000 38
1268592869710278000 35
1268592869911049000 43
1268592870130885000 37
1268592870371125000 32
1268592870592897000 38
1268592870793696000 43
1268592870994209000 31
1268592871211498000 20
1268592871442856000 37
1268592871643613000 43
1268592871885897000 37
1268592872086960000 43
1268592872330257000 37
1268592872534036000 27
1268592872734718000 43
1268592872941453000 30
1268592873142310000 43
1268592873356976000 21
1268592873591826000 48
1268592873792203000 43
1268592874035924000 37
1268592874246329000 32
1268592874451522000 43
1268592874652499000 43
1268592874852851000 30
1268592875160763000 28
1268592875401839000 48
1268592875611222000 42
1268592875838118000 32
1268592876048428000 32
1268592876249505000 34
1268592876472046000 33
1268592876672979000 43
1268592876894701000 22
1268592877095797000 27
1268592877336212000 32
1268592877568709000 40
1268592877769766000 43
1268592878013881000 37
1268592878214821000 43
1268592878451530000 36
1268592878662091000 32
1268592878863226000 43
1268592879075283000 37
1268592879276322000 43
1268592879502071000 22
1268592879702942000 43
1268592879952702000 37
1268592880459980000 16
1268592880691546000 38
1268592880907862000 48
1268592881108903000 27
1268592881345665000 30
1268592881546963000 45
1268592881789450000 33
1268592882048906000 57
1268592882249514000 59
1268592882490838000 52
1268592882692314000 38
1268592882941938000 37
1268592883170921000 51
1268592883372144000 27
1268592883602442000 38
1268592883803512000 34
1268592884004074000 36
1268592884246387000 41
1268592884446706000 43
1268592884671929000 26
1268592884905138000 32
1268592885106396000 32
1268592885341203000 35
1268592885562489000 42
1268592885772733000 32
1268592886033424000 47
1268592886234161000 47
1268592886476635000 33
1268592886676691000 47
1268592886910977000 32
1268592887111879000 43
1268592887312185000 32
1268592887561897000 37
1268592887761982000 36
1268592887968687000 30
1268592888171306000 54
1268592888372258000 43
1268592888581962000 37
1268592888795144000 32
1268592888996343000 43
1268592889238842000 33
1268592889500098000 43
1268592889700381000 48
1268592889942738000 33
1268592890993744000 17
1268592891220372000 31
1268592891469210000 32
1268592891688712000 25
1268592891931085000 32
1268592892145760000 45
1268592892349347000 47
1268592892550006000 56
1268592892751540000 48
1268592892953191000 49
1268592893182711000 55
1268592893382846000 60
1268592893601983000 54
1268592893812014000 60
1268592894013442000 61
1268592894232405000 54
1268592894433941000 61
1268592894634328000 55
1268592894851199000 53
1268592895052787000 61
1268592895253714000 44
1268592895455293000 61
1268592895655788000 55
1268592895857345000 61
1268592896072564000 52
1268592896273964000 61
1268592896492854000 54
1268592896694610000 56
1268592896895820000 61
1268592897096436000 55
1268592897297912000 61
1268592897511302000 51
1268592897731708000 66
1268592897932903000 61
1268592898151928000 54
1268592898353226000 61
1268592898571872000 54
1268592898772029000 55
1268592899001966000 60
1268592899222854000 66
1268592899424267000 61
1268592899643309000 54
1268592899844800000 57
1268592900046198000 61
1268592900252451000 47
1268592900453946000 61
1268592900672897000 54
1268592900882577000 60
1268592901084102000 61
1268592901302907000 54
1268592901504158000 61
1268592901704494000 55
1268592901921390000 53
1268592902122846000 61
1268592902341498000 54
1268592902543142000 61
1268592902743788000 55
1268592902944479000 44
1268592903145904000 61
1268592903361510000 52
1268592903562922000 61
1268592903763183000 44
1268592903964598000 61
1268592904181711000 53
1268592904383031000 61
1268592904601851000 54
1268592904803320000 55
1268592905032312000 65
1268592905252900000 55
1268592905454258000 61
1268592905672881000 54
1268592905873673000 55
1268592906075040000 61
1268592906291930000 53
1268592906493562000 61
1268592906712601000 54
1268592906913314000 55
1268592907114923000 61
1268592907332035000 53
1268592907533723000 61
1268592907752539000 54
1268592907953143000 55
1268592908154745000 61
1268592908371600000 53
1268592908572985000 61
1268592908773256000 55
1268592908973905000 55
1268592909175382000 61
1268592909392420000 53
1268592909594043000 61
1268592909794818000 55
1268592909996483000 61
1268592910211817000 52
1268592910432801000 55
1268592910634466000 61
1268592910834877000 44
1268592911062974000 59
1268592911264565000 61
1268592911481640000 53
1268592911683107000 61
1268592911883820000 55
1268592912111758000 59
1268592912313123000 61
1268592912532226000 54
1268592912732518000 59
1268592912932628000 57
1268592913151549000 54
1268592913352819000 61
1268592913571928000 54
1268592913773463000 61
1268592913974551000 55
1268592914191875000 53
1268592914393458000 61
1268592914612297000 54
1268592914813999000 61
1268592915032088000 59
1268592915251020000 54
1268592915452534000 61
1268592915671560000 54
1268592915881992000 55
1268592916083664000 61
1268592916302834000 54
1268592916504333000 61
1268592916721611000 53
1268592916923376000 61
1268592917151385000 59
1268592917351462000 60
1268592917572331000 55
1268592917773939000 61
1268592917974991000 50
1268592918203075000 59
1268592918404706000 61
1268592918621513000 53
1268592918823101000 61
1268592919023774000 55
1268592919242651000 54
1268592919443751000 61
1268592919652450000 54
1268592919853710000 61
1268592920053857000 47
1268592920281931000 62
1268592920483721000 61
1268592920701210000 53
1268592920902076000 55
1268592921121614000 54
1268592921323267000 61
1268592921542471000 54
1268592921744283000 61
1268592921944738000 44
1268592922146536000 61
1268592922362345000 52
1268592922564002000 61
1268592922781256000 53
1268592922982238000 55
1268592923183887000 61
1268592923403081000 54
1268592923604883000 61
1268592923822220000 53
1268592924022767000 55
1268592924222806000 60
1268592924441996000 54
1268592924642523000 60
1268592924861541000 54
1268592925063320000 61
1268592925281663000 66
1268592925483388000 61
1268592925702555000 54
1268592925902789000 60
1268592926103145000 44
1268592926303251000 60
1268592926522306000 54
1268592926724035000 61
1268592926925382000 61
1268592927126612000 55
1268592927353034000 58
1268592927553216000 60
1268592927772226000 54
1268592927973495000 55
1268592928175280000 61
1268592928392647000 53
1268592928594458000 61
1268592928812042000 53
1268592929012580000 55
1268592929214395000 61
1268592929431780000 53
1268592929631941000 60
1268592929852970000 55
1268592930053940000 55
1268592930281790000 64
1268592930483567000 61
1268592930702629000 54
1268592930902736000 60
1268592931102848000 49
1268592931333093000 60
1268592931534693000 61
1268592931752007000 53
1268592931953627000 61
1268592932154596000 55
1268592932371748000 53
1268592932571907000 60
1268592932792698000 55
1268592932992794000 61
1268592933193234000 55
1268592933412302000 54
1268592933613689000 61
1268592933833064000 54
1268592934033738000 55
1268592934235472000 61
1268592934452828000 53
1268592934654612000 61
1268592934871466000 53
1268592935072158000 55
1268592935273913000 61
1268592935491452000 53
1268592935693182000 61
1268592935912146000 54
1268592936113258000 55
1268592936314980000 61
1268592936531904000 53
1268592936733537000 61
1268592936941708000 48
1268592937152507000 55
1268592937353962000 61
1268592937571361000 53
1268592937773013000 61
1268592937991999000 54
1268592938193207000 55
1268592938394757000 61
1268592938611819000 53
1268592938813198000 61
1268592939032023000 54
1268592939232884000 55
1268592939434466000 61
1268592939651583000 53
1268592939853370000 61
1268592940072401000 54
1268592940273412000 55
1268592940492495000 54
1268592940692702000 58
1268592940912685000 58
1268592941131800000 54
1268592941333523000 61
1268592941539894000 54
1268592941741405000 61
1268592941960636000 54
1268592942172556000 61
1268592942374116000 61
1268592942592892000 54
1268592942794638000 61
1268592943002705000 48
1268592943211632000 54
1268592943411815000 60
1268592943622646000 55
1268592943824383000 61
1268592944041723000 53
1268592944251884000 60
1268592944453547000 61
1268592944672476000 54
1268592944874162000 61
1268592945074786000 44
1268592945282130000 53
1268592945483897000 61
1268592945701954000 53
1268592945903412000 61
1268592946122476000 54
1268592946332650000 60
1268592946534362000 61
1268592946752946000 54
1268592946971619000 65
1268592947192441000 55
1268592947393923000 61
1268592947612793000 54
1268592947814438000 61
1268592948031376000 53
1268592948232921000 54
1268592948434412000 61
1268592948651518000 53
1268592948853038000 61
1268592949061402000 48
1268592949271835000 55
1268592949473640000 61
1268592949692724000 54
1268592949894348000 61
1268592950111718000 53
1268592950312603000 55
1268592950514244000 61
1268592950731361000 53
1268592950933001000 61
1268592951151807000 54
1268592951352607000 55
1268592951554299000 61
1268592951771466000 53
1268592951972980000 61
1268592952191953000 54
1268592952392691000 55
1268592952594343000 61
1268592952813059000 54
1268592953031852000 65
1268592953252363000 55
1268592953454006000 61
1268592953673106000 54
1268592953874741000 61
1268592954091984000 53
1268592954292454000 55
1268592954494020000 61
1268592954711217000 53
1268592954941310000 60
1268592955142646000 61
1268592955344181000 50
1268592955572299000 59
1268592955772401000 60
1268592955991490000 54
1268592956191680000 60
1268592956392664000 55
1268592956611583000 54
1268592956812934000 61
1268592957031591000 54
1268592957233000000 61
1268592957433396000 55
1268592957652080000 54
1268592957853714000 61
1268592958072735000 54
1268592958273564000 55
1268592958475189000 61
1268592958692347000 53
1268592958893925000 61
1268592959094401000 55
1268592959311649000 53
1268592959513371000 61
1268592959732382000 54
1268592959933563000 61
1268592960152373000 54
1268592960353386000 55
1268592960554846000 61
1268592960771768000 53
1268592961002237000 60
1268592961204021000 61
1268592961405808000 50
1268592961632010000 58
1268592961833824000 61
1268592962052783000 54
1268592962254485000 61
1268592962455363000 55
1268592962672514000 53
1268592962873888000 61
1268592963092658000 54
1268592963294380000 61
1268592963495295000 55
1268592963712386000 53
1268592963913677000 61
1268592964132765000 54
1268592964333763000 55
1268592964535423000 61
1268592964752539000 53
1268592964971174000 65
1268592965171242000 60
1268592965371717000 44
1268592965573480000 61
1268592965792370000 54
1268592965992550000 60
1268592966213204000 55
1268592966414117000 55
1268592966615799000 61
1268592966832938000 53
1268592967061078000 59
1268592967262638000 61
1268592967463764000 50
1268592967691783000 59
1268592967893042000 61
1268592968112048000 54
1268592968313753000 61
1268592968514610000 55
1268592968731663000 53
1268592968932844000 61
1268592969151762000 54
1268592969353227000 61
1268592969553789000 55
1268592969772829000 54
1268592969973859000 61
1268592970193005000 54
1268592970393985000 55
1268592970595471000 61
1268592970812853000 53
1268592971031059000 66
1268592971232486000 61
1268592971432843000 44
1268592971634310000 61
1268592971853173000 54
1268592972054526000 61
1268592972273152000 54
1268592972473934000 55
1268592972675242000 61
1268592972892309000 53
1268592973121984000 60
1268592973323314000 61
1268592973524702000 50
1268592973752563000 59
1268592973954042000 61
1268592974173017000 54
1268592974374507000 61
1268592974574965000 55
1268592974791891000 53
1268592974992962000 61
1268592975211517000 54
1268592975431916000 66
1268592975652635000 55
1268592975854319000 61
1268592976071462000 53
1268592976273256000 61
1268592976473973000 55
1268592976691107000 53
1268592976892638000 61
1268592977093136000 55
1268592977293275000 60
1268592977493675000 44
1268592977694677000 61
1268592977911801000 53
1268592978113130000 61
1268592978331882000 54
1268592978532531000 55
1268592978733978000 61
1268592978941891000 48
1268592979143368000 61
1268592979362138000 54
1268592979563437000 61
1268592979791661000 59
1268592979992945000 61
1268592980211922000 54
1268592980442209000 66
1268592980642950000 55
1268592980844170000 61
1268592981061839000 53
1268592981263357000 61
1268592981482165000 54
1268592981682983000 55
1268592981884442000 61
1268592982101379000 53
1268592982302708000 61
1268592982503226000 55
1268592982722126000 54
1268592982942910000 55
1268592983144406000 61
1268592983361504000 53
1268592983563006000 60
1268592983785657000 56
1268592984002834000 66
1268592984204350000 61
1268592984421369000 53
1268592984641965000 55
1268592984843239000 61
1268592985061934000 54
1268592985263701000 61
1268592985471671000 48
1268592985681365000 60
1268592985882843000 61
1268592986107867000 55
1268592986309418000 61
1268592986528422000 54
1268592986728910000 58
1268592986942558000 51
1268592987144172000 61
1268592987361681000 53
1268592987563257000 61
1268592987764241000 55
1268592987964368000 60
1268592988181546000 53
1268592988383087000 61
1268592988583419000 55
1268592988802390000 54
1268592989031357000 65
1268592989232851000 61
1268592989451707000 54
1268592989662126000 60
1268592989863517000 61
1268592990082277000 54
1268592990283937000 61
1268592990502406000 54
1268592990702982000 55
1268592990904412000 61
1268592991122224000 53
1268592991323684000 61
1268592991531841000 48
1268592991741513000 60
1268592991942944000 61
1268592992161633000 54
1268592992363147000 61
1268592992581950000 54
1268592992781985000 55
1268592993002519000 55
1268592993203856000 61
1268592993422727000 54
1268592993631083000 67
1268592993851791000 55
1268592994053238000 61
1268592994272246000 54
1268592994473900000 61
1268592994674450000 55
1268592994891360000 53
1268592995121300000 60
1268592995322858000 61
1268592995532718000 49
1268592995751513000 54
1268592995953055000 61
1268592996172435000 54
1268592996373964000 61
1268592996592983000 54
1268592996793465000 55
1268592996994596000 61
1268592997211818000 53
1268592997413127000 61
1268592997631967000 54
1268592997832281000 55
1268592998033766000 61
1268592998252708000 54
1268592998453045000 60
1268592998671573000 54
1268592998872416000 55
1268592999092962000 66
1268592999294552000 61
1268592999495863000 60
1268592999702192000 58
1268592999903734000 61
1268593000122489000 54
1268593000323969000 61
1268593000531801000 48
1268593000742446000 55
1268593000971023000 65
1268593001172524000 61
1268593001391732000 54
1268593001592909000 61
1268593001793725000 55
1268593002021625000 59
1268593002223197000 61
1268593002442019000 54
1268593002643493000 61
1268593002843601000 55
1268593003062614000 54
1268593003264132000 61
1268593003483068000 54
1268593003704971000 60
1268593003921097000 65
1268593004122581000 61
1268593004341292000 54
1268593004542881000 61
1268593004743020000 55
1268593004943875000 44
1268593005145087000 61
1268593005362075000 53
1268593005591851000 60
1268593005791854000 55
1268593005993005000 61
1268593006212219000 54
1268593006413566000 61
1268593006632211000 54
1268593006832976000 55
1268593007062573000 60
1268593007264123000 61
1268593007482900000 54
1268593007684221000 61
1268593007885432000 50
1268593008111304000 58
1268593008312635000 61
1268593008531480000 54
1268593008733086000 65
1268593008942772000 49
1268593009142852000 60
1268593009361652000 54
1268593009562543000 55
1268593009762641000 60
1268593009964228000 50
1268593010192082000 59
1268593010412689000 55
1268593010613934000 61
1268593010814756000 55
1268593011031896000 64
1268593011233386000 61
1268593011451896000 54
1268593011653142000 61
1268593011853299000 44
1268593012054515000 61
1268593012271651000 53
1268593012472856000 61
1268593012691873000 54
1268593012892413000 55
1268593013122271000 60
1268593013323682000 61
1268593013542582000 54
1268593013743948000 61
1268593013944864000 50
1268593014172689000 59
1268593014373840000 61
1268593014592456000 54
1268593014793895000 61
1268593014994537000 55
1268593015211347000 53
1268593015441597000 66
1268593015643057000 61
1268593015851236000 54
1268593016072019000 55
1268593016273593000 61
1268593016492172000 54
1268593016693255000 61
1268593016893562000 55
1268593017094194000 55
1268593017295443000 61
1268593017512317000 53
1268593017713428000 61
1268593017913461000 44
1268593018114704000 61
1268593018331395000 53
1268593018532595000 61
1268593018752778000 55
1268593018953099000 55
1268593019182615000 60
1268593019383757000 61
1268593019602015000 54
1268593019802103000 60
1268593020002771000 50
1268593020231893000 60
1268593020433157000 61
1268593020651940000 54
1268593020853089000 61
1268593021053514000 55
1268593021271902000 54
1268593021473695000 61
1268593021692322000 54
1268593021893324000 61
1268593022093353000 55
1268593022311804000 54
1268593022512513000 61
1268593022732783000 55
1268593022933075000 55
1268593023134127000 61
1268593023352582000 54
1268593023553842000 61
1268593023772479000 54
1268593024002704000 59
1268593024203858000 61
1268593024459235000 54
1268593024659527000 44
1268593024910709000 39
1268593025110804000 44
1268593025360136000 38
1268593025560246000 44
1268593025811322000 39
1268593026011433000 44
1268593026260723000 38
1268593026461350000 44
1268593026710688000 38
1268593026910839000 44
1268593027162079000 39
1268593027362413000 44
1268593027611985000 38
1268593027812239000 44
1268593028061562000 38
1268593028261987000 44
1268593028511618000 38
1268593028711889000 44
1268593028963078000 39
1268593029163458000 44
1268593029412924000 38
1268593029613344000 44
1268593029862752000 38
1268593030063310000 44
1268593030312720000 38
1268593030512977000 44
1268593030764047000 39
1268593030964299000 44
1268593031213862000 38
1268593031414057000 44
1268593031663937000 38
1268593031864227000 44
1268593032113709000 38
1268593032313808000 44
1268593032565002000 39
1268593032765179000 44
1268593033014665000 38
1268593033214895000 44
1268593033464292000 38
1268593033664441000 44
1268593033915694000 39
1268593034115735000 44
1268593034365145000 38
1268593034565529000 44
1268593034814984000 38
1268593035015328000 44
1268593035264679000 38
1268593035464968000 44
1268593035715094000 38
1268593035915872000 44
1268593036165554000 38
1268593036365757000 44
1268593036615419000 38
1268593036816186000 44
1268593037065580000 38
1268593037266141000 44
1268593037517636000 39
1268593037717814000 44
1268593037967358000 38
1268593038167862000 44
1268593038417483000 38
1268593038617686000 44
1268593038867241000 38
1268593039067658000 44
1268593039316947000 38
1268593039517155000 44
1268593039768690000 39
1268593039968990000 44
1268593040218772000 38
1268593040418994000 44
1268593040668665000 38
1268593040869778000 44
1268593041119334000 38
1268593041319718000 44
1268593041569228000 38
1268593041769301000 44
1268593042019361000 38
1268593042219793000 44
1268593042469566000 38
1268593042669786000 44
1268593042919597000 38
1268593043119966000 44
1268593043369473000 38
1268593043569942000 44
1268593043819654000 38
1268593044020317000 44
1268593044269903000 38
1268593044470423000 44
1268593044720096000 38
1268593044920581000 44
1268593045170172000 38
1268593045370631000 44
1268593045620397000 38
1268593045820787000 44
1268593046070486000 38
1268593046271022000 44
1268593046520546000 38
1268593046721023000 44
1268593046970511000 38
1268593047170984000 32
1268593047415135000 35
1268593047615395000 44
1268593047865140000 38
1268593048065369000 44
1268593048315053000 38
1268593048515333000 44
1268593048764740000 38
1268593048965119000 44
1268593049216422000 39
1268593049416705000 44
1268593049666280000 38
1268593049866566000 44
1268593050091827000 38
1268593050292129000 44
1268593050541631000 38
1268593050741845000 44
1268593050993102000 39
1268593051193357000 44
1268593051443116000 38
1268593051643516000 44
1268593051893138000 38
1268593052094082000 42
1268593052349223000 41
1268593052549336000 44
1268593052798772000 38
1268593052999037000 44
1268593053248364000 38
1268593053448698000 44
1268593053700237000 39
1268593053900686000 44
1268593054150229000 38
1268593054350759000 44
1268593054600365000 38
1268593054800634000 44
1268593055050200000 38
1268593055250595000 44
1268593055500300000 38
1268593055700684000 44
1268593055950164000 38
1268593056150288000 44
1268593056399981000 38
1268593056600225000 44
1268593056851356000 39
1268593057051721000 44
1268593057301621000 38
1268593057501754000 44
1268593057751093000 38
1268593057951429000 44
1268593058200851000 38
1268593058401005000 44
1268593058652083000 39
1268593058853854000 45
1268593059101516000 37
1268593059301597000 44
1268593059550955000 38
1268593059751302000 44
1268593060002521000 39
1268593060202730000 44
1268593060452480000 38
1268593060652685000 44
1268593060902088000 38
1268593061102281000 44
1268593061353460000 39
1268593061553556000 44
1268593061803001000 38
1268593062003214000 44
1268593062252755000 38
1268593062453723000 44
1268593062703578000 38
1268593062903950000 44
1268593063153814000 38
1268593063354286000 44
1268593063603510000 38
1268593063804089000 44
1268593064053793000 38
1268593064254060000 44
1268593064503885000 38
1268593064704248000 44
1268593064953740000 38
1268593065154330000 44
1268593065405556000 39
1268593065605680000 44
1268593065855213000 38
1268593066055561000 44
1268593066305059000 38
1268593066505363000 44
1268593066754880000 38
1268593066955197000 44
1268593067204605000 38
1268593067405090000 44
1268593067654857000 38
1268593067855237000 44
1268593068104776000 38
1268593068305219000 44
1268593068556639000 39
1268593068756738000 44
1268593069006389000 38
1268593069206841000 44
1268593069456268000 38
1268593069656489000 44
1268593069906009000 38
1268593070106399000 44
1268593070355849000 38
1268593070556318000 44
1268593070807450000 39
1268593071007911000 44
1268593071257634000 38
1268593071458079000 44
1268593071707721000 38
1268593071908025000 44
1268593072157712000 38
1268593072358129000 44
1268593072607577000 38
1268593072808211000 44
1268593073057788000 38
1268593073258112000 44
1268593073507648000 38
1268593073708013000 44
1268593073957580000 38
1268593074157789000 44
1268593074409129000 39
1268593074609646000 44
1268593074859475000 38
1268593075060024000 44
1268593075309610000 38
1268593075509810000 44
1268593075759559000 38
1268593075959755000 44
1268593076209209000 38
1268593076409345000 44
1268593076658927000 38
1268593076859301000 44
1268593077110635000 39
1268593077311157000 44
1268593077560804000 38
1268593077761127000 44
1268593078011193000 38
1268593078211751000 44
1268593078459600000 37
1268593078659867000 44
1268593078911373000 39
1268593079111662000 44
1268593079361101000 38
1268593079561543000 44
1268593079811399000 38
1268593080011739000 44
1268593080261370000 38
1268593080461954000 44
1268593080711622000 38
1268593080911967000 44
1268593081161577000 38
1268593081361891000 44
1268593081611300000 38
1268593081811533000 44
1268593082062860000 39
1268593082263340000 44
1268593082512961000 38
1268593082713317000 44
1268593082962830000 38
1268593083163837000 44
1268593083412140000 37
1268593083612377000 44
1268593083863741000 39
1268593084064296000 44
1268593084313942000 38
1268593084514307000 44
1268593084764078000 38
1268593084964427000 44
1268593085214068000 38
1268593085414443000 44
1268593085664169000 38
1268593085864562000 44
1268593086085172000 38
1268593086327419000 34
1268593086527983000 44
1268593086777756000 38
1268593086978286000 44
1268593087227982000 38
1268593087428533000 44
1268593087678206000 38
1268593087878873000 44
1268593088129255000 38
1268593088329856000 44
1268593088579637000 38
1268593088780207000 44
1268593089030055000 38
1268593089230683000 44
1268593089480244000 38
1268593089680910000 44
1268593089930760000 38
1268593090131263000 44
1268593090380977000 38
1268593090581470000 44
1268593090831346000 38
1268593091031958000 44
1268593091279992000 37
1268593091480557000 44
1268593091730471000 38
1268593091931154000 44
1268593092181049000 38
1268593092381743000 44
1268593092631602000 38
1268593092832105000 44
1268593093082031000 38
1268593093283026000 44
1268593093530722000 37
1268593093731393000 44
1268593093981681000 38
1268593094182428000 44
1268593094432286000 38
1268593094632970000 44
1268593094882651000 38
1268593095083342000 44
1268593095333117000 38
1268593095533373000 44
1268593095783116000 38
1268593095983521000 44
1268593096233296000 38
1268593096433816000 44
1268593096683482000 38
1268593096883960000 44
1268593097133743000 38
1268593097334335000 44
1268593097584158000 38
1268593097784706000 44
1268593098034322000 38
1268593098234788000 44
1268593098482993000 37
1268593098683460000 44
1268593098933206000 38
1268593099133915000 44
1268593099383759000 38
1268593099584377000 44
1268593099834230000 38
1268593100034973000 44
1268593100285001000 38
1268593100485648000 44
1268593100735500000 38
1268593100936359000 44
1268593101186124000 38
1268593101386818000 44
1268593101634735000 37
1268593101835386000 44
1268593102084960000 38
1268593102285573000 44
1268593102535482000 38
1268593102736125000 44
1268593102985991000 38
1268593103186527000 44
1268593103436041000 38
1268593103637124000 44
1268593103886877000 38
1268593104087390000 44
1268593104337206000 38
1268593104538016000 44
1268593104787877000 38
1268593104988331000 44
1268593105238277000 38
1268593105438976000 44
1268593105686703000 37
1268593105887365000 44
1268593106137142000 38
1268593106337743000 44
1268593106587574000 38
1268593106788001000 44
1268593107037858000 38
1268593107238671000 44
1268593107488656000 38
1268593107689122000 44
1268593107939058000 38
1268593108139792000 44
1268593108389682000 38
1268593108590436000 44
1268593108838802000 37
1268593109039563000 44
1268593109289374000 38
1268593109489968000 44
1268593109739859000 38
1268593109940343000 44
1268593110190104000 38
1268593110390699000 44
1268593110640429000 38
1268593110840986000 44
1268593111090796000 38
1268593111291494000 44
1268593111541079000 38
1268593111741598000 44
1268593111989507000 37
1268593112190126000 44
1268593112439696000 38
1268593112640270000 44
1268593112891693000 39
1268593113092380000 44
1268593113340029000 37
1268593113540658000 44
1268593113790391000 38
1268593113991271000 44
1268593114240925000 38
1268593114441305000 44
1268593114690987000 38
1268593114892092000 44
1268593115142096000 38
1268593115342717000 44
1268593115592400000 38
1268593115793103000 44
1268593116042860000 38
1268593116243395000 44
1268593116493205000 38
1268593116694001000 44
1268593116941715000 37
1268593117142382000 44
1268593117392252000 38
1268593117592842000 44
1268593117842562000 38
1268593118043143000 44
1268593118292705000 38
1268593118493418000 44
1268593118743063000 38
1268593118943621000 44
1268593119201161000 39
1268593119401304000 44
1268593119650780000 38
1268593119851102000 44
1268593120102492000 39
1268593120302808000 44
1268593120552361000 38
1268593120752472000 44
1268593121001994000 38
1268593121202370000 44
1268593121451727000 38
1268593121652073000 44
1268593121903434000 39
1268593122121886000 49
1268593122322318000 44
1268593122571748000 38
1268593122772039000 44
1268593123021577000 38
1268593123221909000 44
1268593123473240000 39
1268593123673629000 44
1268593123923285000 38
1268593124124352000 42
1268593124379381000 41
1268593124579734000 44
1268593124829352000 38
1268593125029766000 44
1268593125279354000 38
1268593125479585000 44
1268593125729225000 38
1268593125929436000 44
1268593126178923000 38
1268593126379357000 44
1268593126630765000 39
1268593126831246000 44
1268593127081006000 38
1268593127281424000 44
1268593127530976000 38
1268593127731499000 44
1268593127981135000 38
1268593128181790000 44
1268593128431517000 38
1268593128641656000 33
1268593128842003000 44
1268593129042793000 42
1268593129287053000 35
1268593129487187000 44
1268593129736912000 38
1268593129937135000 44
1268593130186563000 38
1268593130386862000 44
1268593130636364000 38
1268593130836917000 44
1268593131086635000 38
1268593131286993000 44
1268593131538444000 39
1268593131738899000 44
1268593131988530000 38
1268593132189041000 44
1268593132438750000 38
1268593132639216000 44
1268593132888860000 38
1268593133089432000 44
1268593133339024000 38
1268593133539284000 44
1268593133788990000 38
1268593133989552000 44
1268593134239584000 38
1268593134439708000 44
1268593134689152000 38
1268593134889604000 44
1268593135139297000 38
1268593135340031000 44
1268593135589499000 38
1268593135789733000 44
1268593136040041000 38
1268593136240352000 44
1268593136489939000 38
1268593136690231000 44
1268593136939833000 38
1268593137140285000 44
1268593137389791000 38
1268593137590417000 44
1268593137841865000 39
1268593138042158000 44
1268593138291781000 38
1268593138491995000 44
1268593138741672000 38
1268593138941855000 44
1268593139192080000 38
1268593139392705000 44
1268593139642542000 38
1268593139842847000 44
1268593140092558000 38
1268593140293126000 44
1268593140542901000 38
1268593140743468000 44
1268593140993093000 38
1268593141193517000 44
1268593141443081000 38
1268593141643433000 44
1268593141892963000 38
1268593142093260000 44
1268593142342993000 38
1268593142543298000 44
1268593142794432000 39
1268593142994613000 44
1268593143244255000 38
1268593143444675000 44
1268593143694270000 38
1268593143894504000 44
1268593144144039000 38
1268593144344616000 44
1268593144594150000 38
1268593144794360000 44
1268593145043899000 38
1268593145244297000 44
1268593145495538000 39
1268593145695759000 44
1268593145945317000 38
1268593146146140000 44
1268593146395733000 38
1268593146596607000 44
1268593146846436000 38
1268593147046868000 44
1268593147296510000 38
1268593147496986000 44
1268593147746657000 38
1268593147946858000 44
1268593148196526000 38
1268593148396863000 44
1268593148646300000 38
1268593148846427000 44
1268593149095830000 38
1268593149296275000 44
1268593149546470000 38
1268593149746727000 44
1268593149998059000 39
1268593150198340000 44
1268593150447993000 38
1268593150648273000 44
1268593150897907000 38
1268593151098391000 44
1268593151348044000 38
1268593151548262000 44
1268593151797729000 38
1268593151997920000 44
1268593152247534000 38
1268593152447852000 44
1268593152699119000 39
1268593152899360000 44
1268593153149107000 38
1268593153349418000 44
1268593153598986000 38
1268593153799259000 44
1268593154048946000 38
1268593154249433000 44
1268593154499025000 38
1268593154699704000 44
1268593154949426000 38
1268593155149851000 44
1268593155399570000 38
1268593155600173000 44
1268593155849729000 38
1268593156050297000 44
1268593156299920000 38
1268593156500432000 44
1268593156750004000 38
1268593156950389000 44
1268593157200196000 38
1268593157400873000 44
1268593157650423000 38
1268593157850650000 44
1268593158075465000 38
1268593158275995000 44
1268593158525654000 38
1268593158726047000 44
1268593158975630000 38
1268593159176005000 44
1268593159427644000 39
1268593159628196000 44
1268593159876452000 37
1268593160076943000 44
1268593160326457000 38
1268593160526729000 44
1268593160777917000 39
1268593160978279000 44
1268593161227826000 38
1268593161428230000 44
1268593161678000000 38
1268593161878413000 44
1268593162128101000 38
1268593162328406000 44
1268593162578126000 38
1268593162778328000 44
1268593163027953000 38
1268593163228233000 44
1268593163477709000 38
1268593163678132000 44
1268593163929526000 39
1268593164129889000 44
1268593164379577000 38
1268593164580006000 44
1268593164829744000 38
1268593165030709000 44
1268593165280412000 38
1268593165481111000 44
1268593165730826000 38
1268593165931302000 44
1268593166181068000 38
1268593166381505000 44
1268593166631295000 38
1268593166831752000 44
1268593167079825000 37
1268593167280314000 44
1268593167529902000 38
1268593167730513000 44
1268593167980617000 38
1268593168181128000 44
1268593168395680000 23
1268593168596020000 44
1268593168845622000 38
1268593169046395000 44
1268593169296157000 38
1268593169496522000 44
1268593169746142000 38
1268593169946673000 44
1268593170202591000 39
1268593170403223000 44
1268593170653079000 38
1268593170853377000 44
1268593171103186000 38
1268593171303556000 44
1268593171553087000 38
1268593171753559000 44
1268593172003132000 38
1268593172203807000 44
1268593172453686000 38
1268593172654086000 44
1268593172903610000 38
1268593173103972000 44
1268593173353643000 38
1268593173554310000 44
1268593173803962000 38
1268593174004290000 44
1268593174253969000 38
1268593174454271000 44
1268593174705696000 39
1268593174906104000 44
1268593175159700000 38
1268593175360367000 44
1268593175610018000 38
1268593175810842000 44
1268593176060700000 38
1268593176261106000 44
1268593176510766000 38
1268593176711429000 44
1268593176961232000 38
1268593177161816000 44
1268593177411422000 38
1268593177612056000 44
1268593177861903000 38
1268593178062331000 44
1268593178311835000 38
1268593178512289000 44
1268593178761987000 38
1268593178962458000 44
1268593179212205000 38
1268593179412685000 44
1268593179662246000 38
1268593179862995000 44
1268593180112814000 38
1268593180313825000 44
1268593180563568000 38
1268593180764310000 44
1268593181013862000 38
1268593181214378000 44
1268593181463987000 38
1268593181664321000 44
1268593181914000000 38
1268593182114574000 44
1268593182363965000 38
1268593182564145000 44
1268593182815408000 39
1268593183015792000 44
1268593183265582000 38
1268593183465917000 44
1268593183715814000 38
1268593183916091000 44
1268593184165870000 38
1268593184366336000 44
1268593184615803000 38
1268593184816259000 44
1268593185065940000 38
1268593185266723000 44
1268593185516657000 38
1268593185717159000 44
1268593185967009000 38
1268593186167576000 44
1268593186417248000 38
1268593186617631000 44
1268593186867202000 38
1268593187067744000 44
1268593187317348000 38
1268593187517804000 44
1268593187767527000 38
1268593187968016000 44
1268593188217759000 38
1268593188418219000 44
1268593188667947000 38
1268593188868646000 44
1268593189118618000 38
1268593189319315000 44
1268593189568981000 38
1268593189769502000 44
1268593190019195000 38
1268593190219576000 44
1268593190469745000 38
1268593190670221000 44
1268593190919853000 38
1268593191120432000 44
1268593191370350000 38
1268593191570852000 44
1268593191820582000 38
1268593192021243000 44
1268593192269271000 37
1268593192469865000 44
1268593192719443000 38
1268593192920122000 44
1268593193169935000 38
1268593193370506000 44
1268593193620312000 38
1268593193820989000 44
1268593194070662000 38
1268593194271125000 44
1268593194520815000 38
1268593194721337000 44
1268593194971260000 38
1268593195171811000 44
1268593195421521000 38
1268593195622473000 44
1268593195872182000 38
1268593196072806000 44
1268593196322502000 38
1268593196522842000 44
1268593196772710000 38
1268593196973199000 44
1268593197223144000 38
1268593197423709000 44
1268593197673430000 38
1268593197874027000 44
1268593198123836000 38
1268593198324179000 44
1268593198573814000 38
1268593198774290000 44
1268593199024319000 38
1268593199224807000 44
1268593199472712000 37
1268593199673265000 44
1268593199923213000 38
1268593200123954000 44
1268593200373781000 38
1268593200574448000 44
1268593200824812000 38
1268593201025615000 44
1268593201273542000 37
1268593201474303000 44
1268593201724021000 38
1268593201924541000 44
1268593202174422000 38
1268593202375093000 44
1268593202624891000 38
1268593202825607000 44
1268593203075376000 38
1268593203275759000 44
1268593203525266000 38
1268593203725665000 44
1268593203975530000 38
1268593204176086000 44
1268593204425955000 38
1268593204626389000 44
1268593204876039000 38
1268593205076392000 44
1268593205326091000 38
1268593205526793000 44
1268593205776590000 38
1268593205977778000 44
1268593206225908000 37
1268593206426684000 44
1268593206676717000 38
1268593206878368000 44
1268593207128208000 38
1268593207328843000 44
1268593207577034000 37
1268593207777840000 44
1268593208027881000 38
1268593208228828000 44
1268593208478757000 38
1268593208679527000 44
1268593208927287000 37
1268593209128290000 44
1268593209378175000 38
1268593209579020000 44
1268593209829174000 38
1268593210029832000 44
1268593210279767000 38
1268593210481149000 44
1268593210729198000 37
1268593210929809000 44
1268593211180114000 38
1268593211380639000 44
1268593211628425000 37
1268593211828869000 44
1268593212079765000 38
1268593212280987000 44
1268593212529017000 37
1268593212729633000 44
1268593212979316000 38
1268593213179842000 44
1268593213429672000 38
1268593213630286000 44
1268593213881068000 38
1268593214090262000 32
1268593214290927000 44
1268593214540704000 38
1268593214741355000 44
1268593214991352000 38
1268593215192110000 44
1268593215441954000 38
1268593215642450000 44
1268593215890506000 37
1268593216091790000 44
1268593216341601000 38
1268593216542093000 44
1268593216792142000 38
1268593216993494000 44
1268593217241585000 37
1268593217442217000 44
1268593217692182000 38
1268593217892684000 44
1268593218142376000 38
1268593218343076000 44
1268593218592908000 38
1268593218793503000 44
1268593219043327000 38
1268593219244095000 44
1268593219492044000 37
1268593219692748000 44
1268593219942423000 38
1268593220143077000 44
1268593220392957000 38
1268593220593388000 44
1268593220843278000 38
1268593221044451000 44
1268593221292928000 37
1268593221493731000 44
1268593221743538000 38
1268593221944497000 44
1268593222194563000 38
1268593222395447000 44
1268593222643574000 37
1268593222844426000 44
1268593223094296000 38
1268593223295021000 44
1268593223544600000 38
1268593223745259000 44
1268593223994897000 38
1268593224195409000 44
1268593224445436000 38
1268593224645902000 44
1268593224895576000 38
1268593225096079000 44
1268593225345979000 38
1268593225546381000 44
1268593225796202000 38
1268593225996663000 44
1268593226246487000 38
1268593226447421000 44
1268593226696918000 38
1268593226897566000 44
1268593227145565000 37
1268593227346179000 44
1268593227595927000 38
1268593227796485000 44
1268593228046090000 38
1268593228246786000 44
1268593228496449000 38
1268593228696734000 44
1268593228946363000 38
1268593229147116000 44
1268593229396664000 38
1268593229597281000 44
1268593229847001000 38
1268593230047600000 44
1268593230272895000 38
1268593230473564000 44
1268593230723359000 38
1268593230923714000 44
1268593231173739000 38
1268593231374444000 44
1268593231625128000 38
1268593231825789000 44
1268593232073899000 37
1268593232274473000 44
1268593232524456000 38
1268593232725296000 44
1268593232975113000 38
1268593233175793000 44
1268593233425757000 38
1268593233626304000 44
1268593233876126000 38
1268593234076918000 44
1268593234324690000 37
1268593234525136000 44
1268593234776791000 39
1268593234977114000 44
1268593235226870000 38
1268593235427464000 44
1268593235677014000 38
1268593235877357000 44
1268593236127047000 38
1268593236327272000 44
1268593236577176000 38
1268593236778156000 44
1268593237026094000 37
1268593237226860000 44
1268593237476675000 38
1268593237677442000 44
1268593237927346000 38
1268593238127937000 44
1268593238377885000 38
1268593238578624000 44
1268593238828406000 38
1268593239028986000 44
1268593239279027000 38
1268593239479694000 44
1268593239727997000 37
1268593239928556000 44
1268593240178296000 38
1268593240378954000 44
1268593240628893000 38
1268593240829513000 44
1268593241079606000 38
1268593241280181000 44
1268593241530067000 38
1268593241730677000 44
1268593241979131000 37
1268593242179752000 44
1268593242429481000 38
1268593242629823000 44
1268593242881208000 39
1268593243081822000 44
1268593243329618000 37
1268593243530195000 44
1268593243779959000 38
1268593243980169000 44
1268593244231717000 39
1268593244432049000 44
1268593244681869000 38
1268593244882366000 44
1268593245132121000 38
1268593245332544000 44
1268593245582409000 38
1268593245782787000 44
1268593246032589000 38
1268593246232973000 44
1268593246482650000 38
1268593246683000000 44
1268593246932659000 38
1268593247133105000 41
1268593247390174000 42
1268593247590907000 44
1268593247838628000 37
1268593248039415000 44
1268593248289074000 38
1268593248489598000 44
1268593248741081000 39
1268593248941524000 44
1268593249191097000 38
1268593249391426000 44
1268593249640999000 38
1268593249841275000 44
1268593250090946000 38
1268593250291219000 44
1268593250540751000 38
1268593250741184000 44
1268593250990811000 38
1268593251191353000 44
1268593251440924000 38
1268593251641363000 44
1268593251891058000 38
1268593252092007000 42
1268593252347090000 41
1268593252547363000 44
1268593252797114000 38
1268593252997548000 44
1268593253247295000 38
1268593253447799000 44
1268593253697424000 38
1268593253897938000 44
1268593254147713000 38
1268593254348204000 44
1268593254597810000 38
1268593254798362000 44
1268593255048060000 38
1268593255248898000 44
1268593255498664000 38
1268593255699491000 44
1268593255949162000 38
1268593256150027000 44
1268593256399958000 38
1268593256600519000 44
1268593256850149000 38
1268593257050683000 44
1268593257298922000 37
1268593257499546000 44
1268593257750991000 39
1268593257951538000 44
1268593258201149000 38
1268593258401714000 44
1268593258649567000 37
1268593258850130000 44
1268593259099890000 38
1268593259300601000 44
1268593259551896000 39
1268593259752388000 44
1268593260001890000 38
1268593260202378000 44
1268593260452238000 38
1268593260652673000 44
1268593260902241000 38
1268593261102889000 44
1268593261352891000 38
1268593261553381000 44
1268593261803023000 38
1268593262003734000 44
1268593262251782000 37
1268593262452881000 44
1268593262702676000 38
1268593262903507000 44
1268593263153379000 38
1268593263354145000 44
1268593263602245000 37
1268593263802858000 44
1268593264052686000 38
1268593264253318000 44
1268593264503075000 38
1268593264703616000 44
1268593264952980000 38
1268593265153574000 44
1268593265403434000 38
1268593265604114000 44
1268593265853741000 38
1268593266054455000 44
1268593266304173000 38
1268593266504836000 44
1268593266754359000 38
1268593266954834000 44
1268593267204539000 38
1268593267404921000 44
1268593267654995000 38
1268593267855440000 44
1268593268105092000 38
1268593268305669000 44
1268593268555555000 38
1268593268756049000 44
1268593269005827000 38
1268593269206201000 44
1268593269455979000 38
1268593269656454000 44
1268593269906190000 38
1268593270106777000 44
1268593270356659000 38
1268593270557435000 44
1268593270805427000 37
1268593271006323000 44
1268593271256319000 38
1268593271457090000 44
1268593271706654000 38
1268593271907254000 44
1268593272157225000 38
1268593272357332000 44
1268593272607092000 38
1268593272808167000 44
1268593273057838000 38
1268593273258309000 44
1268593273507823000 38
1268593273708197000 44
1268593273956762000 37
1268593274157260000 44
1268593274408536000 39
1268593274608946000 44
1268593274858478000 38
1268593275059021000 44
1268593275308787000 38
1268593275509214000 44
1268593275758829000 38
1268593275959198000 44
1268593276209071000 38
1268593276409559000 44
1268593276659286000 38
1268593276859685000 44
1268593277109494000 38
1268593277309881000 44
1268593277559601000 38
1268593277760093000 44
1268593278010297000 38
1268593278210795000 44
1268593278460605000 38
1268593278661138000 44
1268593278910770000 38
1268593279111632000 44
1268593279359416000 37
1268593279559984000 44
1268593279809886000 38
1268593280010529000 44
1268593280260352000 38
1268593280461088000 44
1268593280710925000 38
1268593280911440000 44
1268593281161244000 38
1268593281361850000 44
1268593281611695000 38
1268593281812086000 44
1268593282061745000 38
1268593282262238000 44
1268593282511983000 38
1268593282712351000 44
1268593282962141000 38
1268593283162540000 41
1268593283419588000 42
1268593283620073000 44
1268593283869912000 38
1268593284070288000 44
1268593284320127000 38
1268593284521067000 44
1268593284769120000 37
1268593284969674000 44
1268593285219682000 38
1268593285420278000 44
1268593285670084000 38
1268593285870726000 44
1268593286120710000 38
1268593286321497000 44
1268593286571527000 38
1268593286772107000 44
1268593287022011000 38
1268593287222648000 44
1268593287442454000 38
1268593287642830000 44
1268593287892389000 38
1268593288093566000 42
1268593288347079000 40
1268593288547875000 44
1268593288797588000 38
1268593288998279000 44
1268593289248379000 38
1268593289448980000 44
1268593289698890000 38
1268593289899407000 44
1268593290149329000 38
1268593290349815000 44
1268593290599535000 38
1268593290799998000 44
1268593291049740000 38
1268593291250228000 44
1268593291499788000 38
1268593291700140000 44
1268593291950090000 38
1268593292150871000 44
1268593292400510000 38
1268593292600857000 44
1268593292850668000 38
1268593293051184000 44
1268593293299272000 37
1268593293499782000 44
1268593293751240000 39
1268593293951745000 44
1268593294199831000 37
1268593294400336000 44
1268593294650241000 38
1268593294850664000 44
1268593295101182000 38
1268593295301758000 44
1268593295551504000 38
1268593295752195000 44
1268593296002083000 38
1268593296202758000 44
1268593296450716000 37
1268593296651241000 44
1268593296900990000 38
1268593297101796000 44
1268593297351602000 38
1268593297552354000 44
1268593297802332000 38
1268593298002949000 44
1268593298252792000 38
1268593298453620000 44
1268593298701379000 37
1268593298901958000 44
1268593299151739000 38
1268593299352336000 44
1268593299603690000 39
1268593299804253000 44
1268593300053905000 38
1268593300254525000 44
1268593300502328000 37
1268593300702879000 44
1268593300954297000 39
1268593301154914000 44
1268593301402800000 37
1268593301603296000 44
1268593301853038000 38
1268593302053733000 44
1268593302309101000 38
1268593302509757000 44
1268593302759537000 38
1268593302960157000 44
1268593303210074000 38
1268593303410843000 44
1268593303661241000 38
1268593303861988000 44
1268593304110484000 37
1268593304311419000 44
1268593304561315000 38
1268593304761877000 44
1268593305011713000 38
1268593305212286000 44
1268593305462395000 38
1268593305663383000 44
1268593305911155000 37
1268593306112091000 44
1268593306361700000 38
1268593306562512000 44
1268593306812222000 38
1268593307012808000 44
1268593307262579000 38
1268593307463135000 44
1268593307712632000 38
1268593307913326000 44
1268593308163097000 38
1268593308363738000 44
1268593308613590000 38
1268593308814310000 44
1268593309064047000 38
1268593309264512000 44
1268593309514340000 38
1268593309714871000 44
1268593309964658000 38
1268593310165235000 44
1268593310415073000 38
1268593310615718000 44
1268593310863661000 37
1268593311064155000 44
1268593311314043000 38
1268593311514333000 44
1268593311763959000 38
1268593311964753000 44
1268593312214711000 38
1268593312415584000 44
1268593312665328000 38
1268593312865999000 44
1268593313115662000 38
1268593313316366000 44
1268593313566297000 38
1268593313766949000 44
1268593314015201000 37
1268593314215925000 44
1268593314466050000 38
1268593314666385000 40
1268593314921887000 39
1268593315123241000 43
1268593315380054000 37
1268593315636781000 48
1268593315837552000 43
1268593316067540000 36
1268593316268505000 43
1268593316470226000 31
1268593316715144000 38
1268593316916012000 43
1268593317160315000 37
1268593317361020000 43
1268593317602837000 36
1268593317803258000 46
1268593318018041000 34
1268593318219761000 54
1268593318429130000 38
1268593318674879000 48
1268593318884980000 32
1268593319086516000 43
1268593319334700000 36
1268593319536034000 43
1268593319784072000 36
1268593320015198000 43
1268593320225707000 32
1268593320428838000 28
1268593320660832000 32
1268593320861542000 43
1268593321102217000 32
1268593321363043000 43
1268593321603687000 48
1268593321804054000 47
1268593322032543000 33
1268593322233539000 43
1268593322479050000 36
1268593322679974000 43
1268593322881566000 31
1268593323111115000 42
1268593323313057000 54
1268593323542071000 58
1268593323767472000 40
1268593324012033000 34
1268593324217023000 29
1268593324418324000 43
1268593324653153000 29
1268593324854217000 43
1268593325100453000 35
1268593325301494000 43
1268593325543693000 33
1268593325776788000 44
1268593326041325000 48
1268593326242342000 43
1268593326483972000 36
1268593326684855000 43
1268593326929167000 37
1268593327129875000 44
1268593327375934000 35
1268593327576447000 44
1268593327822552000 36
1268593328023555000 43
1268593328224344000 54
1268593328425216000 48
1268593328652594000 57
1268593328864968000 33
1268593329066330000 43
1268593329290697000 24
1268593329492091000 43
1268593329709264000 36
1268593329919714000 32
1268593330123107000 32
1268593330367659000 34
1268593330568929000 43
1268593330779036000 21
1268593330980117000 43
1268593331219941000 36
1268593331420152000 47
1268593331621240000 27
1268593331863514000 33
1268593332064276000 43
1268593332306602000 33
1268593332567995000 43
1268593332769062000 43
1268593332988009000 41
1268593333189080000 59
1268593333389359000 52
1268593333611758000 53
1268593333828007000 35
1268593334038789000 32
1268593334240100000 46
1268593334454508000 34
1268593334717340000 31
1268593334951902000 32
1268593335184390000 32
1268593335390309000 32
1268593335591436000 43
1268593335832570000 36
1268593336033670000 43
1268593336234652000 30
1268593336480894000 35
1268593336681772000 43
1268593336924055000 33
1268593337125391000 43
1268593337326473000 20
1268593337572240000 32
1268593337818863000 31
1268593338067909000 32
1268593338310772000 32
1268593338521900000 32
1268593338723987000 53
1268593338944589000 50
1268593339146002000 60
1268593339365461000 54
1268593339566656000 60
1268593339785909000 54
1268593339987529000 61
1268593340204963000 53
1268593340406308000 61
1268593340625411000 54
1268593340825415000 60
1268593341046480000 55
1268593341248282000 61
1268593341465558000 53
1268593341667177000 61
1268593341886589000 54
1268593342086762000 60
1268593342305831000 54
1268593342507598000 61
1268593342726741000 54
1268593342928306000 61
1268593343145720000 53
1268593343345786000 60
1268593343566848000 55
1268593343766954000 60
1268593343987876000 55
1268593344189582000 61
1268593344407089000 53
1268593344607450000 60
1268593344828063000 55
1268593345028204000 60
1268593345247374000 54
1268593345447532000 60
1268593345668473000 55
1268593345870143000 61
1268593346087406000 53
1268593346287487000 60
1268593346507990000 55
1268593346709818000 61
1268593346929002000 54
1268593347129137000 60
1268593347348482000 54
1268593347550225000 61
1268593347769372000 54
1268593347971151000 61
1268593348188583000 53
1268593348388833000 60
1268593348609690000 55
1268593348811468000 61
1268593349028898000 53
1268593349228950000 60
1268593349449727000 55
1268593349650299000 60
1268593349869392000 54
1268593350069787000 60
1268593350290707000 55
1268593350492264000 61
1268593350709720000 53
1268593350911348000 61
1268593351130438000 54
1268593351330525000 60
1268593351551419000 55
1268593351752875000 61
1268593351970417000 53
1268593352172224000 61
1268593352391277000 54
1268593352592728000 61
1268593352810236000 53
1268593353011845000 61
1268593353231203000 54
1268593353432876000 61
1268593353651929000 54
1268593353851977000 60
1268593354071260000 54
1268593354271307000 60
1268593354492235000 55
1268593354692508000 60
1268593354911604000 54
1268593355111729000 60
1268593355332465000 55
1268593355534133000 61
1268593355753389000 54
1268593355955116000 61
1268593356172659000 53
1268593356374378000 61
1268593356593371000 54
1268593356794960000 61
1268593357013750000 54
1268593357215309000 61
1268593357432334000 53
1268593357634036000 61
1268593357853017000 54
1268593358053079000 60
1268593358274079000 55
1268593358475757000 61
1268593358693037000 53
1268593358894752000 61
1268593359114083000 54
1268593359315645000 61
1268593359534637000 54
1268593359735423000 60
1268593359954503000 54
1268593360154566000 60
1268593360375323000 55
1268593360576997000 61
1268593360794040000 53
1268593360995663000 61
1268593361214802000 54
1268593361416598000 61
1268593361635697000 54
1268593361837268000 61
1268593362054866000 53
1268593362254873000 60
1268593362475525000 55
1268593362677235000 61
1268593362896124000 54
1268593363097915000 61
1268593363314935000 53
1268593363516721000 61
1268593363735854000 54
1268593363937513000 61
1268593364156556000 54
1268593364358021000 61
1268593364577125000 54
1268593364777399000 60
1268593364996332000 54
1268593365197893000 61
1268593365416863000 54
1268593365618318000 61
1268593365837569000 54
1268593366039273000 61
1268593366256409000 53
1268593366458106000 61
1268593366677123000 54
1268593366878730000 61
1268593367097420000 54
1268593367299114000 61
1268593367518267000 54
1268593367719964000 61
1268593367937313000 53
1268593368137535000 60
1268593368358220000 55
1268593368559904000 61
1268593368778774000 54
1268593368980325000 61
1268593369199271000 54
1268593369399316000 60
1268593369618286000 54
1268593369818473000 60
1268593370039228000 55
1268593370239604000 60
1268593370459145000 54
1268593370660802000 61
1268593370879690000 54
1268593371081082000 61
1268593371300206000 54
1268593371501675000 61
1268593371720624000 54
1268593371922169000 61
1268593372139143000 53
1268593372339268000 60
1268593372559992000 55
1268593372761594000 61
1268593372980508000 54
1268593373182098000 61
1268593373401093000 54
1268593373602410000 61
1268593373821294000 54
1268593374022957000 61
1268593374240337000 53
1268593374441800000 61
1268593374661166000 54
1268593374861287000 60
1268593375082252000 55
1268593375284000000 61
1268593375500871000 53
1268593375702205000 61
1268593375921120000 54
1268593376122837000 61
1268593376341877000 54
1268593376543594000 61
1268593376762684000 54
1268593376964283000 61
1268593377183192000 54
1268593377384721000 61
1268593377601691000 53
1268593377803439000 61
1268593378022441000 54
1268593378222493000 60
1268593378443136000 55
1268593378644826000 61
1268593378863923000 54
1268593379065561000 61
1268593379282572000 53
1268593379482653000 60
1268593379703317000 55
1268593379903474000 60
1268593380124454000 55
1268593380325780000 61
1268593380544833000 54
1268593380746444000 61
1268593380965117000 54
1268593381166641000 61
1268593381383917000 53
1268593381585447000 61
1268593381804290000 54
1268593382005646000 61
1268593382224675000 54
1268593382426124000 61
1268593382644848000 54
1268593382846264000 61
1268593383065212000 54
1268593383266786000 61
1268593383485857000 54
1268593383687216000 61
1268593383906217000 54
1268593384107823000 61
1268593384326621000 54
1268593384528102000 61
