1268592841162821000 0
1268592841364602000 45
1268592841609970000 36
1268592841811777000 45
1268592842061146000 38
1268592842283261000 50
1268592842484974000 45
1268592842732311000 37
1268592842933515000 45
1268592843143123000 27
1268592843343126000 44
1268592843592395000 38
1268592843794039000 45
1268592844043375000 38
1268592844271993000 38
1268592844472115000 44
1268592844723264000 39
1268592844972769000 38
1268592845222150000 49
1268592845422177000 44
1268592845673037000 39
1268592845874677000 45
1268592846122065000 37
1268592846352012000 38
1268592846552033000 44
1268592846803277000 39
1268592847061750000 43
1268592847303323000 39
1268592847503548000 44
1268592847753060000 38
1268592847953265000 44
1268592848162226000 38
1268592848363953000 45
1268592848613299000 38
1268592848814948000 45
1268592849062469000 37
1268592849293555000 39
1268592849495273000 45
1268592849742684000 37
1268592849982180000 49
1268592850211648000 38
1268592850411801000 44
1268592850662969000 39
1268592850863029000 44
1268592851091880000 38
1268592851342774000 39
1268592851543183000 44
1268592851792418000 38
1268592851994202000 45
1268592852202942000 38
1268592852404670000 45
1268592852652346000 37
1268592852852417000 44
1268592853082888000 39
1268592853332144000 49
1268592853533921000 45
1268592853783098000 38
1268592853984827000 45
1268592854211599000 37
1268592854432862000 39
1268592854634613000 45
1268592854882231000 37
1268592855082449000 44
1268592855291572000 27
1268592855491736000 44
1268592855742927000 39
1268592855942946000 44
1268592856192162000 38
1268592856422688000 50
1268592856624274000 45
1268592856872073000 37
1268592857122763000 50
1268592857371921000 49
1268592857572078000 44
1268592857823034000 39
1268592858024567000 45
1268592858251669000 37
1268592858502943000 39
1268592858702993000 44
1268592858941798000 38
1268592859141865000 44
1268592859392735000 39
1268592859592806000 44
1268592859841981000 38
1268592860042130000 44
1268592860252492000 33
1268592860493124000 44
1268592860694731000 45
1268592860942210000 37
1268592861142354000 44
1268592861353188000 28
1268592861554947000 45
1268592861802707000 37
1268592862004420000 45
1268592862253673000 38
1268592862482064000 49
1268592862683752000 45
1268592862912715000 38
1268592863112730000 44
1268592863342039000 38
1268592863542199000 44
1268592863793220000 39
1268592863993288000 44
1268592864194697000 27
1268592864412464000 46
1268592864614199000 45
1268592864863397000 38
1268592865122053000 49
1268592865362009000 42
1268592865562019000 44
1268592865813018000 39
1268592866013024000 44
1268592866262388000 38
1268592866493021000 39
1268592866755579000 49
1268592867003379000 32
1268592867204336000 30
1268592867413034000 18
1268592867613851000 30
1268592867862490000 25
1268592868098112000 33
1268592868298557000 29
1268592868511824000 17
1268592868769132000 33
1268592869031064000 32
1268592869231363000 29
1268592869491944000 30
1268592869771326000 33
1268592869971390000 29
1268592870174126000 19
1268592870383549000 28
1268592870583796000 29
1268592870801230000 25
1268592871031787000 29
1268592871272931000 33
1268592871504988000 29
1268592871705285000 29
1268592871946771000 25
1268592872209175000 32
1268592872432894000 23
1268592872653258000 32
1268592872855375000 32
1268592873094019000 23
1268592873294456000 29
1268592873532459000 28
1268592873732953000 29
1268592873982870000 25
1268592874186240000 30
1268592874386570000 31
1268592874588735000 29
1268592874807735000 27
1268592875031612000 27
1268592875251912000 36
1268592875494211000 26
1268592875696961000 30
1268592875897544000 29
1268592876097787000 29
1268592876306992000 26
1268592876532295000 32
1268592876732804000 29
1268592876934338000 33
1268592877153858000 25
1268592877396612000 32
1268592877631271000 33
1268592877833830000 30
1268592878074513000 24
1268592878274826000 30
1268592878523651000 21
1268592878783247000 32
1268592878983782000 32
1268592879224958000 22
1268592879427126000 32
1268592879627510000 17
1268592879828239000 29
1268592880043081000 23
1268592880244140000 47
1268592880444795000 39
1268592880661712000 27
1268592880912945000 33
1268592881152362000 32
1268592881376655000 33
1268592881578224000 38
1268592881819196000 22
1268592882019242000 36
1268592882220310000 40
1268592882439261000 36
1268592882639594000 32
1268592882883538000 23
1268592883174840000 22
1268592883414424000 32
1268592883632607000 25
1268592883861019000 33
1268592884063680000 36
1268592884307294000 23
1268592884509903000 30
1268592884733920000 23
1268592884936325000 38
1268592885137271000 29
1268592885372948000 20
1268592885623653000 37
1268592885824041000 29
1268592886024070000 29
1268592886268401000 26
1268592886468695000 29
1268592886709561000 25
1268592886941975000 32
1268592887142262000 29
1268592887342812000 29
1268592887572255000 25
1268592887772669000 29
1268592888265734000 30
1268592888504050000 32
1268592888736406000 26
1268592888936587000 30
1268592889179199000 24
1268592889440856000 32
1268592889641040000 32
1268592889843585000 22
1268592890052289000 28
1268592890281867000 45
1268592890482612000 36
1268592890683387000 39
1268592890916871000 36
1268592891126891000 29
1268592891376505000 40
1268592891613233000 40
1268592891874486000 41
1268592892115893000 30
1268592892550846000 26
1268592892752534000 60
1268592892970990000 54
1268592893171388000 54
1268592893372211000 61
1268592893586888000 52
1268592893787940000 61
1268592894007850000 55
1268592894208845000 61
1268592894427083000 54
1268592894627942000 61
1268592894847956000 55
1268592895048946000 61
1268592895267112000 54
1268592895467989000 61
1268592895688226000 55
1268592895888983000 61
1268592896107491000 54
1268592896308296000 61
1268592896528631000 55
1268592896729757000 61
1268592896948103000 54
1268592897149458000 61
1268592897367869000 54
1268592897568875000 61
1268592897789631000 55
1268592897990978000 61
1268592898208084000 63
1268592898408940000 61
1268592898629183000 55
1268592898830163000 61
1268592899048704000 54
1268592899249659000 61
1268592899470003000 55
1268592899670991000 61
1268592899889189000 54
1268592900090212000 61
1268592900310329000 55
1268592900511094000 61
1268592900729411000 54
1268592900930470000 61
1268592901150570000 55
1268592901351366000 61
1268592901569739000 54
1268592901770733000 61
1268592901991063000 55
1268592902192155000 61
1268592902410690000 54
1268592902611744000 61
1268592902830460000 54
1268592903031998000 61
1268592903260979000 58
1268592903462022000 61
1268592903682215000 55
1268592903883257000 61
1268592904101738000 54
1268592904302747000 61
1268592904521076000 54
1268592904722020000 61
1268592904942198000 55
1268592905143333000 61
1268592905361804000 54
1268592905562585000 61
1268592905782884000 55
1268592905983623000 61
1268592906202251000 54
1268592906402956000 61
1268592906622924000 55
1268592906824030000 61
1268592907042618000 54
1268592907243734000 61
1268592907463764000 55
1268592907664631000 61
1268592907883420000 54
1268592908084958000 60
1268592908308969000 57
1268592908509765000 61
1268592908730147000 55
1268592908931206000 61
1268592909149641000 54
1268592909350571000 61
1268592909570738000 55
1268592909771674000 61
1268592909989955000 54
1268592910190868000 61
1268592910411046000 55
1268592910612165000 61
1268592910830462000 54
1268592911031760000 61
1268592911250045000 54
1268592911451001000 61
1268592911671448000 55
1268592911872345000 61
1268592912090936000 54
1268592912291904000 61
1268592912512143000 55
1268592912712835000 61
1268592912931733000 54
1268592913132804000 61
1268592913351030000 54
1268592913551981000 61
1268592913772026000 55
1268592913973044000 61
1268592914193049000 55
1268592914394047000 61
1268592914612553000 54
1268592914813282000 61
1268592915033683000 55
1268592915234517000 61
1268592915452906000 54
1268592915653746000 61
1268592915873973000 55
1268592916074835000 61
1268592916293119000 54
1268592916493998000 61
1268592916714166000 55
1268592916915306000 61
1268592917133596000 54
1268592917334517000 61
1268592917554626000 55
1268592917755471000 61
1268592917974281000 54
1268592918175472000 61
1268592918393858000 54
1268592918594701000 61
1268592918815232000 55
1268592919016010000 61
1268592919234458000 54
1268592919435581000 61
1268592919655773000 55
1268592919856504000 61
1268592920074620000 54
1268592920275623000 61
1268592920495765000 55
1268592920696821000 61
1268592920914968000 54
1268592921115949000 61
1268592921336201000 55
1268592921537064000 61
1268592921755294000 54
1268592921956132000 61
1268592922176329000 55
1268592922377227000 61
1268592922595353000 54
1268592922796405000 61
1268592923016930000 55
1268592923217698000 61
1268592923435873000 54
1268592923636673000 61
1268592923856535000 55
1268592924057954000 61
1268592924276176000 54
1268592924476717000 61
1268592924696739000 55
1268592924897394000 61
1268592925117680000 55
1268592925318588000 61
1268592925536819000 54
1268592925737601000 61
1268592925957551000 55
1268592926158300000 61
1268592926378195000 55
1268592926578905000 61
1268592926798696000 55
1268592926999433000 61
1268592927217556000 54
1268592927418186000 61
1268592927638496000 55
1268592927839360000 61
1268592928040816000 59
1268592928253303000 51
1268592928454163000 61
1268592928673986000 55
1268592928874879000 61
1268592929094878000 55
1268592929295520000 61
1268592929513895000 54
1268592929714714000 61
1268592929934670000 55
1268592930135376000 61
1268592930355546000 55
1268592930556266000 61
1268592930774546000 54
1268592930975622000 61
1268592931195589000 55
1268592931396522000 61
1268592931616361000 55
1268592931817032000 61
1268592932035233000 54
1268592932236142000 61
1268592932456345000 55
1268592932657213000 61
1268592932875606000 54
1268592933081615000 61
1268592933282472000 61
1268592933502639000 55
1268592933703328000 61
1268592933923543000 55
1268592934124530000 61
1268592934342573000 54
1268592934543744000 61
1268592934763983000 55
1268592934964685000 61
1268592935183004000 54
1268592935383810000 61
1268592935603946000 55
1268592935804655000 61
1268592936023200000 54
1268592936223895000 61
1268592936444182000 55
1268592936644832000 61
1268592936864750000 55
1268592937065659000 61
1268592937283969000 54
1268592937484541000 61
1268592937704420000 55
1268592937905319000 61
1268592938124476000 54
1268592938325157000 61
1268592938545242000 55
1268592938746066000 61
1268592938964452000 54
1268592939165239000 61
1268592939385577000 55
1268592939586137000 61
1268592939805886000 55
1268592940006574000 61
1268592940224587000 54
1268592940425412000 61
1268592940645346000 55
1268592940846374000 61
1268592941064699000 54
1268592941265888000 61
1268592941485762000 55
1268592941686842000 61
1268592941905062000 54
1268592942105558000 61
1268592942325636000 55
1268592942526309000 61
1268592942746342000 55
1268592942946984000 61
1268592943171797000 55
1268592943372511000 61
1268592943592709000 55
1268592943793401000 61
1268592944011702000 54
1268592944212417000 61
1268592944432186000 55
1268592944633019000 61
1268592944852951000 55
1268592945053600000 61
1268592945272419000 54
1268592945472996000 61
1268592945692937000 55
1268592945893655000 61
1268592946113506000 55
1268592946314166000 61
1268592946534207000 55
1268592946734698000 61
1268592946952919000 54
1268592947153812000 61
1268592947373830000 55
1268592947574551000 61
1268592947794239000 55
1268592947994892000 61
1268592948213631000 54
1268592948414358000 61
1268592948634334000 55
1268592948835142000 61
1268592949055404000 55
1268592949256116000 61
1268592949476164000 55
1268592949676859000 61
1268592949895112000 54
1268592950095860000 61
1268592950315909000 55
1268592950516608000 61
1268592950736477000 55
1268592950937182000 61
1268592951155414000 54
1268592951356155000 61
1268592951576104000 55
1268592951776810000 61
1268592951996973000 55
1268592952197845000 61
1268592952416227000 54
1268592952617101000 61
1268592952837078000 55
1268592953037872000 61
1268592953256650000 54
1268592953457576000 61
1268592953677722000 55
1268592953878739000 61
1268592954097206000 54
1268592954298070000 61
1268592954518070000 55
1268592954718766000 61
1268592954937142000 54
1268592955138248000 61
1268592955358698000 55
1268592955559394000 61
1268592955778224000 54
1268592955979134000 61
1268592956199216000 55
1268592956400113000 61
1268592956618458000 54
1268592956819363000 61
1268592957039355000 55
1268592957240315000 61
1268592957458659000 54
1268592957659392000 61
1268592957879341000 55
1268592958080013000 61
1268592958300595000 55
1268592958501582000 61
1268592958719881000 54
1268592958921016000 61
1268592959139681000 54
1268592959340519000 61
1268592959560690000 55
1268592959761731000 61
1268592959980099000 54
1268592960180904000 61
1268592960400885000 55
1268592960601487000 61
1268592960821646000 55
1268592961022524000 61
1268592961241026000 54
1268592961441838000 61
1268592961661929000 55
1268592961863053000 61
1268592962081661000 54
1268592962282513000 61
1268592962500924000 54
1268592962701842000 61
1268592962921894000 55
1268592963122901000 61
1268592963341812000 54
1268592963542687000 61
1268592963762805000 55
1268592963963437000 61
1268592964181857000 54
1268592964382734000 61
1268592964602851000 55
1268592964803902000 61
1268592965022424000 54
1268592965223385000 61
1268592965443743000 55
1268592965644804000 61
1268592965863323000 54
1268592966064592000 61
1268592966283297000 54
1268592966484352000 61
1268592966702955000 54
1268592966903927000 61
1268592967124297000 55
1268592967325285000 61
1268592967543594000 54
1268592967744578000 61
1268592967964833000 55
1268592968165937000 61
1268592968384671000 54
1268592968585722000 61
1268592968804061000 54
1268592969005155000 61
1268592969225464000 55
1268592969426521000 61
1268592969645164000 54
1268592969846308000 61
1268592970064919000 54
1268592970265836000 61
1268592970484297000 54
1268592970685309000 61
1268592970905714000 55
1268592971106799000 61
1268592971325119000 54
1268592971526136000 61
1268592971746281000 55
1268592971947102000 61
1268592972165688000 54
1268592972366657000 61
1268592972586817000 55
1268592972787724000 61
1268592973005946000 54
1268592973206920000 61
1268592973425770000 54
1268592973626753000 61
1268592973847151000 55
1268592974048094000 61
1268592974266564000 54
1268592974467398000 61
1268592974687637000 55
1268592974888693000 61
1268592975107193000 54
1268592975308092000 61
1268592975528252000 55
1268592975729181000 61
1268592975947698000 54
1268592976148768000 61
1268592976368770000 55
1268592976569541000 61
1268592976788662000 54
1268592976989802000 61
1268592977208254000 54
1268592977409443000 61
1268592977627862000 54
1268592977828973000 61
1268592978049269000 55
1268592978250014000 61
1268592978468948000 54
1268592978670508000 61
1268592978889666000 54
1268592979090845000 61
1268592979309195000 54
1268592979509960000 61
1268592979730446000 55
1268592979931242000 61
1268592980149634000 54
1268592980350521000 61
1268592980570549000 55
1268592980771350000 61
1268592980989870000 54
1268592981190956000 61
1268592981411047000 55
1268592981612094000 61
1268592981830439000 54
1268592982031572000 61
1268592982249935000 54
1268592982451120000 61
1268592982671465000 55
1268592982872427000 61
1268592983090892000 54
1268592983291925000 61
1268592983510856000 54
1268592983711904000 61
1268592983932177000 55
1268592984133464000 61
1268592984352142000 54
1268592984553311000 61
1268592984771791000 54
1268592984972584000 61
1268592985190979000 54
1268592985391962000 61
1268592985612346000 55
1268592985813289000 61
1268592986031845000 54
1268592986232826000 61
1268592986453132000 55
1268592986653945000 61
1268592986872469000 54
1268592987073449000 61
1268592987293459000 55
1268592987495081000 61
1268592987713618000 54
1268592987914636000 61
1268592988133262000 54
1268592988334204000 61
1268592988553208000 54
1268592988754122000 61
1268592988974370000 55
1268592989175649000 61
1268592989394190000 54
1268592989595064000 61
1268592989813476000 54
1268592990014517000 61
1268592990234824000 55
1268592990435918000 61
1268592990654230000 54
1268592990855374000 61
1268592991074006000 54
1268592991274996000 61
1268592991493835000 54
1268592991694885000 61
1268592991915110000 55
1268592992116175000 61
1268592992334761000 54
1268592992535824000 61
1268592992754207000 54
1268592992955188000 61
1268592993175400000 55
1268592993376432000 61
1268592993595402000 54
1268592993796510000 61
1268592994015020000 54
1268592994215966000 61
1268592994436089000 55
1268592994636805000 61
1268592994855069000 54
1268592995055850000 61
1268592995276257000 55
1268592995477286000 61
1268592995695586000 54
1268592995896404000 61
1268592996116775000 55
1268592996317999000 61
1268592996536281000 54
1268592996737111000 61
1268592996955380000 54
1268592997156729000 61
1268592997376847000 55
1268592997577878000 61
1268592997796107000 54
1268592997997030000 61
1268592998217518000 55
1268592998418354000 61
1268592998637347000 54
1268592998838220000 61
1268592999056613000 54
1268592999257722000 61
1268592999478063000 55
1268592999679221000 61
1268592999897485000 54
1268593000098534000 61
1268593000318604000 55
1268593000519802000 61
1268593000738417000 54
1268593000939555000 61
1268593001158136000 54
1268593001359084000 61
1268593001577671000 54
1268593001778543000 61
1268593001998767000 55
1268593002199955000 61
1268593002418384000 54
1268593002619138000 61
1268593002839503000 55
1268593003040320000 61
1268593003258669000 54
1268593003459821000 61
1268593003678363000 54
1268593003879328000 61
1268593004099712000 55
1268593004300620000 61
1268593004519048000 54
1268593004719990000 61
1268593004940160000 55
1268593005141290000 61
1268593005359913000 54
1268593005560683000 61
1268593005780731000 55
1268593005981902000 61
1268593006200395000 54
1268593006401388000 61
1268593006619642000 54
1268593006820432000 61
1268593007040918000 55
1268593007241934000 61
1268593007460476000 54
1268593007661404000 61
1268593007881613000 55
1268593008082836000 61
1268593008301300000 54
1268593008502323000 61
1268593008721055000 54
1268593008921308000 48
1268593009122801000 50
1268593009341207000 54
1268593009542374000 61
1268593009760730000 54
1268593009961655000 61
1268593010182075000 55
1268593010383109000 61
1268593010601451000 54
1268593010802581000 61
1268593011020829000 54
1268593011222119000 61
1268593011442251000 55
1268593011643125000 61
1268593011861479000 54
1268593012062602000 61
1268593012282633000 55
1268593012483820000 61
1268593012702198000 54
1268593012903091000 61
1268593013121759000 54
1268593013322903000 61
1268593013542999000 55
1268593013744480000 61
1268593013962958000 54
1268593014164147000 61
1268593014382644000 54
1268593014583612000 61
1268593014803654000 55
1268593015004577000 61
1268593015222810000 54
1268593015423866000 61
1268593015643918000 55
1268593015845206000 61
1268593016062807000 53
1268593016263824000 61
1268593016484084000 55
1268593016684785000 61
1268593016903103000 54
1268593017104139000 61
1268593017324393000 55
1268593017525479000 61
1268593017743868000 54
1268593017944731000 61
1268593018165016000 55
1268593018366179000 61
1268593018584399000 54
1268593018785728000 61
1268593019004221000 54
1268593019205279000 61
1268593019426038000 55
1268593019626922000 61
1268593019845376000 54
1268593020046527000 61
1268593020265219000 54
1268593020466226000 61
1268593020686463000 55
1268593020887329000 61
1268593021105791000 54
1268593021306810000 61
1268593021526881000 55
1268593021727662000 61
1268593021946039000 54
1268593022146977000 61
1268593022367240000 55
1268593022568168000 61
1268593022786711000 54
1268593022987486000 61
1268593023207928000 55
1268593023408854000 61
1268593023627379000 54
1268593023828696000 61
1268593024053002000 56
1268593024253963000 61
1268593024472354000 54
1268593024673544000 61
1268593024893740000 55
1268593025094717000 61
1268593025312985000 54
1268593025514011000 61
1268593025734166000 55
1268593025935020000 61
1268593026153391000 54
1268593026354383000 61
1268593026574320000 55
1268593026775226000 61
1268593026993537000 54
1268593027194661000 61
1268593027414907000 55
1268593027615864000 61
1268593027834126000 54
1268593028035101000 61
1268593028255394000 55
1268593028456292000 61
1268593028674811000 54
1268593028876007000 61
1268593029094610000 54
1268593029295714000 61
1268593029515922000 55
1268593029717168000 61
1268593029936042000 54
1268593030137021000 61
1268593030355381000 54
1268593030556600000 61
1268593030776750000 55
1268593030977569000 61
1268593031195939000 54
1268593031396693000 61
1268593031615286000 54
1268593031816287000 61
1268593032036590000 55
1268593032237605000 61
1268593032456096000 54
1268593032656727000 61
1268593032876827000 55
1268593033077888000 61
1268593033296237000 54
1268593033497336000 61
1268593033717430000 55
1268593033918860000 61
1268593034137361000 54
1268593034338235000 61
1268593034556574000 54
1268593034757450000 61
1268593034977608000 55
1268593035178709000 61
1268593035397319000 54
1268593035598228000 61
1268593035816695000 54
1268593036017763000 61
1268593036237706000 55
1268593036438948000 61
1268593036657349000 54
1268593036858378000 61
1268593037078489000 55
1268593037279582000 61
1268593037498124000 54
1268593037699040000 61
1268593037917234000 54
1268593038118558000 61
1268593038338850000 55
1268593038539735000 61
1268593038758442000 54
1268593038959739000 61
1268593039178240000 54
1268593039379405000 61
1268593039598506000 54
1268593039799421000 61
1268593040019760000 55
1268593040220459000 61
1268593040438783000 54
1268593040639673000 61
1268593040859803000 55
1268593041060788000 61
1268593041279419000 54
1268593041480022000 61
1268593041700058000 55
1268593041901122000 61
1268593042119603000 54
1268593042320554000 61
1268593042538956000 54
1268593042740013000 61
1268593042960102000 55
1268593043161168000 61
1268593043379779000 54
1268593043580800000 61
1268593043801076000 55
1268593044002475000 61
1268593044221109000 54
1268593044422178000 61
1268593044640661000 54
1268593044841679000 61
1268593045060219000 54
1268593045261312000 61
1268593045481690000 55
1268593045682759000 61
1268593045901030000 54
1268593046102090000 61
1268593046322192000 55
1268593046523341000 61
1268593046741554000 54
1268593046942583000 61
1268593047160986000 54
1268593047361659000 61
1268593047582040000 55
1268593047782982000 61
1268593048001654000 54
1268593048202629000 61
1268593048422906000 55
1268593048624161000 61
1268593048842795000 54
1268593049044499000 59
1268593049268537000 57
1268593049469669000 61
1268593049688053000 54
1268593049889187000 61
1268593050109467000 55
1268593050310451000 61
1268593050529195000 54
1268593050730142000 61
1268593050949011000 54
1268593051150243000 61
1268593051368791000 54
1268593051569957000 61
1268593051790453000 55
1268593051991774000 61
1268593052210233000 54
1268593052411464000 61
1268593052629985000 54
1268593052831174000 61
1268593053049990000 54
1268593053250975000 61
1268593053469451000 54
1268593053670529000 61
1268593053891030000 55
1268593054092501000 61
1268593054311193000 54
1268593054512346000 61
1268593054730840000 54
1268593054931721000 61
1268593055152125000 55
1268593055353087000 61
1268593055571474000 54
1268593055772467000 61
1268593055990946000 54
1268593056192237000 61
1268593056412555000 55
1268593056613697000 61
1268593056832280000 54
1268593057033413000 61
1268593057252003000 54
1268593057453160000 61
1268593057671802000 54
1268593057873167000 61
1268593058093512000 55
1268593058294684000 61
1268593058513412000 54
1268593058714477000 61
1268593058932849000 54
1268593059134513000 61
1268593059352883000 54
1268593059554071000 61
1268593059772502000 54
1268593059973637000 61
1268593060193995000 55
1268593060394990000 61
1268593060613716000 54
1268593060814392000 61
1268593061034493000 55
1268593061235596000 61
1268593061454050000 54
1268593061655566000 61
1268593061873853000 54
1268593062074967000 61
1268593062295180000 55
1268593062496408000 61
1268593062714906000 54
1268593062915862000 61
1268593063134590000 54
1268593063335528000 61
1268593063555864000 55
1268593063756806000 61
1268593063975511000 54
1268593064177225000 61
1268593064396298000 54
1268593064597468000 61
1268593064815784000 54
1268593065016655000 61
1268593065237131000 55
1268593065438238000 61
1268593065656773000 54
1268593065858006000 61
1268593066076604000 54
1268593066277723000 61
1268593066496485000 54
1268593066697370000 61
1268593066917799000 55
1268593067119255000 61
1268593067337872000 54
1268593067538857000 61
1268593067757666000 54
1268593067958643000 61
1268593068177280000 54
1268593068378701000 61
1268593068597422000 54
1268593068798591000 61
1268593069017389000 54
1268593069217395000 60
1268593069437849000 55
1268593069639158000 61
1268593069857899000 54
1268593070059287000 61
1268593070277964000 54
1268593070479165000 61
1268593070699555000 55
1268593070900749000 61
1268593071119564000 54
1268593071320884000 61
1268593071539628000 54
1268593071740924000 61
1268593071959695000 54
1268593072161147000 61
1268593072379941000 54
1268593072581059000 61
1268593072799696000 54
1268593073000756000 61
1268593073219488000 54
1268593073420596000 61
1268593073639208000 54
1268593073840621000 61
1268593074061072000 55
1268593074262713000 61
1268593074481207000 54
1268593074682375000 61
1268593074901035000 54
1268593075102334000 61
1268593075320713000 54
1268593075521705000 61
1268593075740466000 54
1268593075941710000 61
1268593076162293000 55
1268593076363535000 61
1268593076582155000 54
1268593076783274000 61
1268593077001832000 54
1268593077202808000 61
1268593077423067000 55
1268593077624089000 61
1268593077842652000 54
1268593078043908000 61
1268593078262474000 54
1268593078463900000 61
1268593078682465000 54
1268593078883614000 61
1268593079102074000 54
1268593079303596000 61
1268593079522029000 54
1268593079723461000 61
1268593079944000000 55
1268593080145595000 61
1268593080364131000 54
1268593080565148000 61
1268593080783775000 54
1268593080985217000 61
1268593081203642000 54
1268593081405142000 61
1268593081623725000 54
1268593081824811000 61
1268593082043606000 54
1268593082244771000 61
1268593082465264000 55
1268593082666394000 61
1268593082885346000 54
1268593083086374000 61
1268593083304992000 54
1268593083506055000 61
1268593083724453000 54
1268593083925896000 61
1268593084146145000 55
1268593084347748000 61
1268593084566477000 54
1268593084767620000 61
1268593084986403000 54
1268593085187727000 61
1268593085406403000 54
1268593085607527000 61
1268593085826206000 54
1268593086027450000 61
1268593086246168000 54
1268593086447362000 61
1268593086665943000 54
1268593086867186000 61
1268593087087433000 55
1268593087288657000 61
1268593087507239000 54
1268593087708276000 61
1268593087926907000 54
1268593088127947000 61
1268593088346479000 54
1268593088547602000 61
1268593088767907000 55
1268593088968832000 61
1268593089187617000 54
1268593089389023000 61
1268593089607535000 54
1268593089808762000 61
1268593090027153000 54
1268593090228150000 61
1268593090448361000 55
1268593090649280000 61
1268593090867875000 54
1268593091068819000 61
1268593091288876000 55
1268593091489669000 61
1268593091708215000 54
1268593091909271000 61
1268593092127867000 54
1268593092328912000 61
1268593092549345000 55
1268593092750435000 61
1268593092968718000 54
1268593093169927000 61
1268593093388382000 54
1268593093589720000 61
1268593093809955000 55
1268593094011107000 61
1268593094229449000 54
1268593094431166000 61
1268593094649892000 54
1268593094850698000 61
1268593095069453000 54
1268593095270412000 61
1268593095490657000 55
1268593095691587000 61
1268593095909962000 54
1268593096111461000 61
1268593096329918000 54
1268593096530840000 61
1268593096750921000 55
1268593096952012000 61
1268593097170564000 54
1268593097371555000 61
1268593097590134000 54
1268593097791166000 61
1268593098011641000 55
1268593098212592000 61
1268593098431080000 54
1268593098632485000 61
1268593098851172000 54
1268593099052385000 61
1268593099270875000 54
1268593099470950000 60
1268593099690944000 55
1268593099892094000 61
1268593100112455000 55
1268593100313431000 61
1268593100531945000 54
1268593100732940000 61
1268593100953271000 55
1268593101154059000 61
1268593101372500000 54
1268593101573388000 61
1268593101793505000 55
1268593101994191000 61
1268593102212749000 54
1268593102413882000 61
1268593102634168000 55
1268593102834350000 60
1268593103053193000 54
1268593103254040000 61
1268593103474286000 55
1268593103675277000 61
1268593103893648000 54
1268593104094990000 61
1268593104313304000 54
1268593104514755000 61
1268593104734921000 55
1268593104935860000 61
1268593105154265000 54
1268593105355149000 61
1268593105575491000 55
1268593105776385000 61
1268593105994742000 54
1268593106195552000 61
1268593106415731000 55
1268593106616530000 61
1268593106835032000 54
1268593107035968000 61
1268593107256105000 55
1268593107456935000 61
1268593107675333000 54
1268593107876141000 61
1268593108096286000 55
1268593108297225000 61
1268593108515573000 54
1268593108716720000 61
1268593108936983000 55
1268593109137837000 61
1268593109356547000 54
1268593109558115000 61
1268593109776720000 54
1268593109977931000 61
1268593110196332000 54
1268593110397139000 61
1268593110617496000 55
1268593110818338000 61
1268593111036793000 54
1268593111237899000 61
1268593111456317000 54
1268593111657677000 61
1268593111877916000 55
1268593112079130000 61
1268593112297811000 54
1268593112498614000 61
1268593112717073000 54
1268593112918089000 61
1268593113138500000 55
1268593113339398000 61
1268593113558030000 54
1268593113758845000 61
1268593113979013000 55
1268593114180189000 61
1268593114398654000 54
1268593114600191000 61
1268593114819060000 54
1268593115020180000 61
1268593115238749000 54
1268593115439794000 61
1268593115660146000 55
1268593115860900000 61
1268593116079493000 54
1268593116280517000 61
1268593116498928000 54
1268593116699986000 61
1268593116920331000 55
1268593117121257000 61
1268593117339342000 54
1268593117540267000 61
1268593117760525000 55
1268593117961662000 61
1268593118180366000 54
1268593118381539000 61
1268593118600062000 54
1268593118801335000 61
1268593119021584000 55
1268593119222431000 61
1268593119441222000 54
1268593119642839000 61
1268593119861523000 54
1268593120062657000 61
1268593120281008000 54
1268593120481968000 61
1268593120702221000 55
1268593120903041000 61
1268593121121638000 54
1268593121322898000 61
1268593121541616000 54
1268593121742518000 61
1268593121962718000 55
1268593122163684000 61
1268593122382404000 54
1268593122583456000 61
1268593122802135000 54
1268593123003214000 61
1268593123223458000 55
1268593123424400000 61
1268593123642876000 54
1268593123843817000 61
1268593124064287000 55
1268593124265458000 61
1268593124483985000 54
1268593124685434000 61
1268593124904057000 54
1268593125105307000 61
1268593125323776000 54
1268593125524582000 61
1268593125744672000 55
1268593125945736000 61
1268593126164183000 54
1268593126365117000 61
1268593126585371000 55
1268593126786157000 61
1268593127004713000 54
1268593127205595000 61
1268593127425777000 55
1268593127626751000 61
1268593127844965000 54
1268593128045995000 61
1268593128266327000 55
1268593128467272000 61
1268593128685703000 54
1268593128886553000 61
1268593129106937000 55
1268593129307925000 61
1268593129526488000 54
1268593129728007000 61
1268593129946297000 54
1268593130147399000 61
1268593130367386000 55
1268593130568332000 61
1268593130786603000 54
1268593130987357000 61
1268593131207720000 55
1268593131408829000 61
1268593131627118000 54
1268593131827828000 61
1268593132048096000 55
1268593132249027000 61
1268593132467484000 54
1268593132668478000 61
1268593132888413000 55
1268593133089602000 61
1268593133307764000 54
1268593133508598000 61
1268593133728697000 55
1268593133929536000 61
1268593134148042000 54
1268593134349164000 61
1268593134569482000 55
1268593134770798000 61
1268593134989270000 54
1268593135190344000 61
1268593135408816000 54
1268593135609622000 61
1268593135829742000 55
1268593136030844000 61
1268593136249115000 54
1268593136450008000 61
1268593136670356000 55
1268593136871077000 61
1268593137089550000 54
1268593137290525000 61
1268593137510561000 55
1268593137711390000 61
1268593137929832000 54
1268593138130628000 61
1268593138350901000 55
1268593138551689000 61
1268593138770043000 54
1268593138971057000 61
1268593139191104000 55
1268593139391724000 61
1268593139609914000 54
1268593139811374000 61
1268593140031473000 55
1268593140232145000 61
1268593140450511000 54
1268593140651512000 61
1268593140871800000 55
1268593141072664000 61
1268593141291161000 54
1268593141491813000 61
1268593141711922000 55
1268593141912730000 61
1268593142130937000 54
1268593142331776000 61
1268593142551783000 55
1268593142752639000 61
1268593142973054000 55
1268593143174582000 61
1268593143392012000 53
1268593143592919000 61
1268593143813341000 55
1268593144014316000 61
1268593144232608000 54
1268593144433429000 61
1268593144653343000 55
1268593144854805000 61
1268593145056310000 49
1268593145278331000 56
1268593145479104000 61
1268593145699075000 55
1268593145899909000 61
1268593146118279000 54
1268593146319876000 61
1268593146539943000 55
1268593146740702000 61
1268593146959093000 54
1268593147159989000 61
1268593147380124000 55
1268593147580939000 61
1268593147800961000 55
1268593148001729000 61
1268593148220311000 54
1268593148420829000 61
1268593148641114000 55
1268593148841879000 61
1268593149060432000 54
1268593149261375000 61
1268593149481339000 55
1268593149682138000 61
1268593149901146000 54
1268593150106169000 51
1268593150306836000 61
1268593150526847000 55
1268593150728001000 61
1268593150946202000 54
1268593151147247000 61
1268593151367319000 55
1268593151568407000 61
1268593151786651000 54
1268593151987639000 61
1268593152207917000 55
1268593152408850000 61
1268593152627286000 54
1268593152828135000 61
1268593153048533000 55
1268593153249214000 61
1268593153467505000 54
1268593153668601000 61
1268593153888552000 55
1268593154089514000 61
1268593154308013000 54
1268593154509131000 61
1268593154729100000 55
1268593154930645000 61
1268593155130776000 54
1268593155345410000 52
1268593155546240000 61
1268593155764598000 54
1268593155965439000 61
1268593156185741000 55
1268593156386658000 61
1268593156604841000 54
1268593156806312000 61
1268593157024508000 54
1268593157225558000 61
1268593157445801000 55
1268593157646510000 61
1268593157866717000 55
1268593158067587000 61
1268593158286084000 54
1268593158486939000 61
1268593158705250000 54
1268593158906381000 61
1268593159126627000 55
1268593159327669000 61
1268593159545814000 54
1268593159747018000 61
1268593159967198000 55
1268593160168392000 59
1268593160392172000 57
1268593160593283000 61
1268593160811789000 54
1268593161012983000 61
1268593161233399000 55
1268593161434468000 61
1268593161652974000 54
1268593161853821000 61
1268593162073929000 55
1268593162275144000 61
1268593162493603000 54
1268593162694709000 61
1268593162913223000 54
1268593163114497000 61
1268593163332864000 54
1268593163533927000 61
1268593163754020000 55
1268593163955081000 61
1268593164173488000 54
1268593164374401000 61
1268593164594643000 55
1268593164795520000 61
1268593165008192000 54
1268593165221139000 51
1268593165422013000 61
1268593165642176000 55
1268593165842988000 61
1268593166061191000 54
1268593166262148000 61
1268593166482476000 55
1268593166683489000 61
1268593166901508000 54
1268593167102805000 61
1268593167322922000 55
1268593167524157000 61
1268593167742900000 54
1268593167944584000 61
1268593168163234000 54
1268593168364146000 61
1268593168582553000 54
1268593168783266000 61
1268593169003558000 55
1268593169204799000 61
1268593169423202000 54
1268593169624460000 61
1268593169842811000 54
1268593170043307000 52
1268593170244337000 61
1268593170462961000 54
1268593170663937000 61
1268593170884140000 55
1268593171085407000 61
1268593171303794000 54
1268593171504782000 61
1268593171723148000 54
1268593171924505000 61
1268593172144729000 55
1268593172345991000 61
1268593172564194000 54
1268593172765224000 61
1268593172985538000 55
1268593173186584000 61
1268593173405335000 54
1268593173606369000 61
1268593173824813000 54
1268593174025911000 61
1268593174246057000 55
1268593174447183000 61
1268593174665835000 54
1268593174866946000 61
1268593175067594000 52
1268593175285832000 54
1268593175486853000 61
1268593175706933000 55
1268593175907775000 61
1268593176126064000 54
1268593176327055000 61
1268593176547174000 55
1268593176747826000 61
1268593176967756000 55
1268593177168813000 61
1268593177387036000 54
1268593177588023000 61
1268593177807926000 55
1268593178008621000 61
1268593178227463000 54
1268593178428314000 61
1268593178648417000 55
1268593178849114000 61
1268593179067674000 54
1268593179268599000 61
1268593179488756000 55
1268593179689566000 61
1268593179907662000 54
1268593180108644000 54
1268593180309349000 61
1268593180524031000 52
1268593180724770000 61
1268593180944839000 55
1268593181145528000 61
1268593181363747000 54
1268593181564967000 61
1268593181785019000 55
1268593181986103000 61
1268593182204516000 54
1268593182405568000 61
1268593182625771000 55
1268593182826788000 61
1268593183045203000 54
1268593183246457000 61
1268593183464957000 54
1268593183666060000 61
1268593183886326000 55
1268593184087236000 61
1268593184305725000 54
1268593184506736000 61
1268593184726827000 55
1268593184927675000 61
1268593185128892000 54
1268593185341929000 51
1268593185542983000 61
1268593185761649000 54
1268593185962589000 61
1268593186182854000 55
1268593186383839000 61
1268593186602214000 54
1268593186803144000 61
1268593187023424000 55
1268593187224534000 61
1268593187442965000 54
1268593187644043000 61
1268593187862398000 54
1268593188063821000 61
1268593188284179000 55
1268593188485137000 61
1268593188704305000 54
1268593188905451000 61
1268593189124043000 54
1268593189325184000 61
1268593189543463000 54
1268593189744281000 61
1268593189964674000 55
1268593190165871000 61
1268593190384361000 54
1268593190585645000 61
1268593190804076000 54
1268593191005162000 61
1268593191223673000 54
1268593191424803000 61
1268593191645119000 55
1268593191846141000 61
1268593192064676000 54
1268593192265728000 61
1268593192485821000 55
1268593192686688000 61
1268593192905122000 54
1268593193106206000 61
1268593193324734000 54
1268593193525929000 61
1268593193746158000 55
1268593193947364000 61
1268593194165973000 54
1268593194366990000 61
1268593194586828000 55
1268593194787850000 61
1268593195006198000 54
1268593195207972000 60
1268593195431871000 57
1268593195632620000 61
1268593195852874000 55
1268593196053913000 61
1268593196272579000 54
1268593196473573000 61
1268593196692170000 54
1268593196893064000 61
1268593197111652000 54
1268593197312838000 61
1268593197533064000 55
1268593197734091000 61
1268593197952584000 54
1268593198153722000 61
1268593198373972000 55
1268593198575033000 61
1268593198793594000 54
1268593198994739000 61
1268593199213199000 54
1268593199414443000 61
1268593199632984000 54
1268593199834108000 61
1268593200054720000 55
1268593200256015000 61
1268593200474415000 54
1268593200675536000 61
1268593200894126000 54
