1268593024402486000 0
1268593024604236000 45
1268593024851392000 37
1268593025053047000 45
1268593025300444000 37
1268593025502000000 45
1268593025751267000 38
1268593025952977000 45
1268593026202027000 38
1268593026403628000 45
1268593026650918000 37
1268593026850976000 44
1268593027102110000 39
1268593027303789000 45
1268593027552745000 38
1268593027754323000 45
1268593028001518000 37
1268593028203221000 45
1268593028452289000 38
1268593028653828000 45
1268593028902849000 38
1268593029104630000 45
1268593029353552000 38
1268593029553694000 44
1268593029802544000 38
1268593030003954000 45
1268593030253675000 38
1268593030455320000 45
1268593030704318000 38
1268593030905850000 45
1268593031153231000 37
1268593031354669000 45
1268593031603721000 38
1268593031805171000 45
1268593032054234000 38
1268593032255647000 45
1268593032504684000 38
1268593032706022000 45
1268593032955098000 38
1268593033156692000 45
1268593033403961000 37
1268593033605694000 45
1268593033854872000 38
1268593034056532000 45
1268593034305702000 38
1268593034507223000 45
1268593034754872000 37
1268593034956648000 45
1268593035205651000 38
1268593035407404000 45
1268593035656445000 38
1268593035858168000 45
1268593036105474000 37
1268593036307118000 45
1268593036556191000 38
1268593036757631000 45
1268593037006730000 38
1268593037208355000 45
1268593037457273000 38
1268593037658781000 45
1268593037907895000 38
1268593038109396000 45
1268593038356591000 37
1268593038558208000 45
1268593038807017000 38
1268593039008624000 45
1268593039257941000 38
1268593039459471000 45
1268593039708422000 38
1268593039910205000 45
1268593040157467000 37
1268593040359085000 45
1268593040608207000 38
1268593040809787000 45
1268593041059000000 38
1268593041259031000 44
1268593041508095000 38
1268593041709810000 45
1268593041958835000 38
1268593042158878000 44
1268593042409831000 39
1268593042611510000 45
1268593042858955000 37
1268593043060665000 45
1268593043309781000 38
1268593043511346000 45
1268593043760445000 38
1268593043961891000 45
1268593044209338000 37
1268593044410891000 45
1268593044660069000 38
1268593044861635000 45
1268593045111128000 38
1268593045312603000 45
1268593045561500000 38
1268593045763020000 45
1268593046010261000 37
1268593046211859000 45
1268593046460630000 38
1268593046662026000 45
1268593046910977000 38
1268593047112279000 49
1268593047355370000 44
1268593047556756000 45
1268593047805782000 38
1268593048007248000 45
1268593048256217000 38
1268593048457636000 45
1268593048704845000 37
1268593048906396000 45
1268593049155376000 38
1268593049357070000 45
1268593049606218000 38
1268593049807776000 45
1268593050057102000 38
1268593050257538000 42
1268593050512058000 41
1268593050713826000 45
1268593050963137000 38
1268593051163222000 44
1268593051412616000 38
1268593051614343000 45
1268593051863569000 38
1268593052065245000 45
1268593052318287000 37
1268593052519973000 45
1268593052769031000 38
1268593052970757000 45
1268593053219889000 38
1268593053421597000 45
1268593053668948000 37
1268593053870673000 45
1268593054119851000 38
1268593054321549000 45
1268593054570695000 38
1268593054772317000 45
1268593055019679000 37
1268593055219877000 44
1268593055470861000 39
1268593055672655000 45
1268593055919964000 37
1268593056121740000 45
1268593056370795000 38
1268593056572600000 45
1268593056821830000 38
1268593057021867000 44
1268593057271154000 38
1268593057471195000 44
1268593057722004000 39
1268593057923730000 45
1268593058171261000 37
1268593058372949000 45
1268593058622138000 38
1268593058823863000 45
1268593059071185000 37
1268593059271352000 44
1268593059522251000 39
1268593059723763000 45
1268593059972944000 38
1268593060174576000 45
1268593060422314000 37
1268593060623936000 45
1268593060873223000 38
1268593061074644000 45
1268593061323700000 38
1268593061525300000 45
1268593061772367000 37
1268593061972449000 44
1268593062223427000 39
1268593062424968000 45
1268593062673998000 38
1268593062875415000 45
1268593063124533000 38
1268593063326139000 45
1268593063573585000 37
1268593063775247000 45
1268593064024526000 38
1268593064226039000 45
1268593064475238000 38
1268593064676930000 45
1268593064924220000 37
1268593065125988000 45
1268593065375117000 38
1268593065575445000 44
1268593065824913000 38
1268593066026503000 45
1268593066275550000 38
1268593066477326000 45
1268593066724605000 37
1268593066926289000 45
1268593067175572000 38
1268593067377056000 45
1268593067626009000 38
1268593067827631000 45
1268593068076589000 38
1268593068278016000 45
1268593068525469000 37
1268593068727221000 45
1268593068976351000 38
1268593069177938000 45
1268593069427171000 38
1268593069628698000 45
1268593069875985000 37
1268593070077549000 45
1268593070326675000 38
1268593070528028000 45
1268593070777514000 38
1268593070979135000 45
1268593071228197000 38
1268593071429795000 45
1268593071677129000 37
1268593071878625000 45
1268593072127713000 38
1268593072329299000 45
1268593072578689000 38
1268593072780372000 45
1268593073027753000 37
1268593073229377000 45
1268593073478472000 38
1268593073680218000 45
1268593073929478000 38
1268593074131200000 45
1268593074378432000 37
1268593074580148000 45
1268593074829378000 38
1268593075031082000 45
1268593075278498000 37
1268593075480299000 45
1268593075729247000 38
1268593075929285000 44
1268593076180138000 39
1268593076381771000 45
1268593076629129000 37
1268593076830881000 45
1268593077080037000 38
1268593077281610000 45
1268593077530668000 38
1268593077732369000 45
1268593077981399000 38
1268593078182861000 45
1268593078430271000 37
1268593078631820000 45
1268593078880919000 38
1268593079082576000 45
1268593079331679000 38
1268593079533271000 45
1268593079780786000 37
1268593079982351000 45
1268593080231432000 38
1268593080433180000 45
1268593080682393000 38
1268593080884160000 45
1268593081132122000 37
1268593081333823000 45
1268593081582864000 38
1268593081784536000 45
1268593082031830000 37
1268593082233395000 45
1268593082482648000 38
1268593082684403000 45
1268593082933503000 38
1268593083133569000 44
1268593083383364000 38
1268593083584955000 45
1268593083832399000 37
1268593084034191000 45
1268593084283364000 38
1268593084484997000 45
1268593084734300000 38
1268593084935897000 45
1268593085183414000 37
1268593085385154000 45
1268593085634261000 38
1268593085835964000 45
1268593086083442000 37
1268593086283580000 42
1268593086538217000 41
1268593086739783000 45
1268593086988911000 38
1268593087190600000 45
1268593087439657000 38
1268593087641222000 45
1268593087888656000 37
1268593088088749000 44
1268593088339665000 39
1268593088539689000 44
1268593088788844000 38
1268593088990625000 45
1268593089240167000 38
1268593089441834000 45
1268593089689303000 37
1268593089889392000 44
1268593090140482000 39
1268593090340572000 44
1268593090591361000 39
1268593090791409000 44
1268593091040620000 38
1268593091241068000 44
1268593091490224000 38
1268593091690367000 44
1268593091941404000 39
1268593092143096000 45
1268593092392157000 38
1268593092593771000 45
1268593092841152000 37
1268593093042808000 45
1268593093292081000 38
1268593093493756000 45
1268593093742855000 38
1268593093944529000 45
1268593094191738000 37
1268593094393432000 45
1268593094642736000 38
1268593094844453000 45
1268593095093607000 38
1268593095295206000 45
1268593095542531000 37
1268593095742570000 44
1268593095993671000 39
1268593096195406000 45
1268593096442982000 37
1268593096644755000 45
1268593096893920000 38
1268593097094030000 44
1268593097343299000 38
1268593097544956000 45
1268593097794187000 38
1268593097994236000 44
1268593098243548000 38
1268593098445261000 45
1268593098694510000 38
1268593098896296000 45
1268593099145414000 38
1268593099346883000 45
1268593099594332000 37
1268593099796046000 45
1268593100045258000 38
1268593100246663000 45
1268593100495813000 38
1268593100697407000 45
1268593100944837000 37
1268593101146563000 45
1268593101395929000 38
1268593101596185000 44
1268593101845161000 38
1268593102046885000 45
1268593102296107000 38
1268593102497762000 45
1268593102747061000 38
1268593102948680000 45
1268593103195849000 37
1268593103397374000 45
1268593103646331000 38
1268593103848007000 45
1268593104097302000 38
1268593104298774000 45
1268593104546842000 37
1268593104748433000 45
1268593104997698000 38
1268593105199230000 45
1268593105448340000 38
1268593105650038000 45
1268593105897410000 37
1268593106099168000 45
1268593106348378000 38
1268593106549993000 45
1268593106797861000 37
1268593106999627000 45
1268593107248958000 38
1268593107450588000 45
1268593107699715000 38
1268593107901259000 45
1268593108148648000 37
1268593108350349000 45
1268593108599623000 38
1268593108801277000 45
1268593109048558000 37
1268593109250050000 45
1268593109499156000 38
1268593109700680000 45
1268593109949692000 38
1268593110151290000 45
1268593110400495000 38
1268593110601956000 45
1268593110851056000 38
1268593111052578000 45
1268593111299796000 37
1268593111501580000 45
1268593111750679000 38
1268593111950932000 44
1268593112200239000 38
1268593112401822000 45
1268593112651116000 38
1268593112852916000 45
1268593113100740000 37
1268593113302475000 45
1268593113551635000 38
1268593113751753000 44
1268593114001053000 38
1268593114201104000 44
1268593114452260000 39
1268593114652266000 44
1268593114901368000 38
1268593115101612000 44
1268593115352756000 39
1268593115554310000 45
1268593115801639000 37
1268593116003278000 45
1268593116252627000 38
1268593116454403000 45
1268593116703628000 38
1268593116905278000 45
1268593117153168000 37
1268593117354755000 45
1268593117603742000 38
1268593117805319000 45
1268593118052628000 37
1268593118252722000 44
1268593118503831000 39
1268593118705454000 45
1268593118954706000 38
1268593119172549000 36
1268593119372582000 44
1268593119621705000 38
1268593119821755000 44
1268593120072778000 39
1268593120274287000 45
1268593120521676000 37
1268593120721840000 44
1268593120972971000 39
1268593121173012000 44
1268593121422140000 38
1268593121622177000 44
1268593121873236000 39
1268593122087713000 34
1268593122289340000 43
1268593122542380000 40
1268593122742425000 44
1268593122993544000 39
1268593123193717000 44
1268593123443119000 38
1268593123643155000 44
1268593123892572000 38
1268593124139607000 50
1268593124339790000 44
1268593124589044000 38
1268593124789145000 44
1268593125040242000 39
1268593125240351000 44
1268593125489769000 38
1268593125690446000 44
1268593125939708000 38
1268593126140014000 44
1268593126389267000 38
1268593126589465000 44
1268593126840619000 39
1268593127042309000 45
1268593127289926000 37
1268593127491532000 45
1268593127740703000 38
1268593127942231000 45
1268593128221326000 38
1268593128422988000 45
1268593128670138000 37
1268593128871894000 45
1268593129073099000 38
1268593129316952000 35
1268593129518689000 45
1268593129767752000 38
1268593129969454000 45
1268593130216947000 37
1268593130418756000 45
1268593130668006000 38
1268593130869594000 45
1268593131116844000 37
1268593131318482000 45
1268593131567580000 38
1268593131769180000 45
1268593132018552000 38
1268593132220175000 45
1268593132467756000 37
1268593132669452000 45
1268593132918796000 38
1268593133120536000 45
1268593133369564000 38
1268593133571171000 45
1268593133818270000 37
1268593134019918000 45
1268593134269029000 38
1268593134470636000 45
1268593134719957000 38
1268593134921477000 45
1268593135170632000 38
1268593135372185000 45
1268593135619396000 37
1268593135819402000 44
1268593136070721000 39
1268593136270772000 44
1268593136519742000 38
1268593136719758000 44
1268593136970726000 39
1268593137172446000 45
1268593137421667000 38
1268593137621966000 44
1268593137871043000 38
1268593138072751000 45
1268593138322038000 38
1268593138523692000 45
1268593138771066000 37
1268593138972620000 45
1268593139221808000 38
1268593139423285000 45
1268593139672405000 38
1268593139873912000 45
1268593140122885000 38
1268593140324353000 45
1268593140573495000 38
1268593140774960000 45
1268593141022194000 37
1268593141223854000 45
1268593141472779000 38
1268593141674194000 45
1268593141923427000 38
1268593142125003000 45
1268593142374067000 38
1268593142575701000 45
1268593142823347000 37
1268593143024864000 45
1268593143273850000 38
1268593143475372000 45
1268593143724294000 38
1268593143925811000 45
1268593144174941000 38
1268593144376668000 45
1268593144624139000 37
1268593144825677000 45
1268593145074677000 38
1268593145276474000 45
1268593145525611000 38
1268593145727378000 45
1268593145976584000 38
1268593146177573000 44
1268593146425139000 37
1268593146626905000 45
1268593146875950000 38
1268593147077397000 45
1268593147326487000 38
1268593147527903000 45
1268593147776949000 38
1268593147977114000 44
1268593148226331000 38
1268593148427823000 45
1268593148676898000 38
1268593148878266000 45
1268593149127296000 38
1268593149328592000 45
1268593149577640000 38
1268593149779159000 45
1268593150028023000 38
1268593150229521000 45
1268593150478570000 38
1268593150680030000 45
1268593150927218000 37
1268593151128658000 45
1268593151377474000 38
1268593151578909000 45
1268593151827674000 38
1268593152028957000 45
1268593152278163000 38
1268593152479675000 45
1268593152728870000 38
1268593152930431000 45
1268593153178432000 37
1268593153380136000 45
1268593153629139000 38
1268593153830715000 45
1268593154079975000 38
1268593154280013000 44
1268593154529049000 38
1268593154730589000 45
1268593154979870000 38
1268593155181211000 45
1268593155430163000 38
1268593155631538000 45
1268593155880267000 38
1268593156081815000 45
1268593156330902000 38
1268593156532459000 45
1268593156779770000 37
1268593156981117000 45
1268593157229957000 38
1268593157430085000 44
1268593157680917000 39
1268593157882185000 45
1268593158137093000 39
1268593158338467000 45
1268593158587404000 38
1268593158788905000 45
1268593159035994000 37
1268593159237655000 45
1268593159486627000 38
1268593159688330000 45
1268593159937577000 38
1268593160139170000 45
1268593160388254000 38
1268593160589925000 45
1268593160837110000 37
1268593161038680000 45
1268593161287855000 38
1268593161487875000 44
1268593161738800000 39
1268593161940397000 45
1268593162187630000 37
1268593162389199000 45
1268593162638097000 38
1268593162839738000 45
1268593163088677000 38
1268593163288921000 44
1268593163539846000 39
1268593163741215000 45
1268593163988302000 37
1268593164189863000 45
1268593164438934000 38
1268593164640491000 45
1268593164889496000 38
1268593165091189000 45
1268593165340306000 38
1268593165541793000 45
1268593165790732000 38
1268593165992220000 45
1268593166241265000 38
1268593166442715000 45
1268593166689936000 37
1268593166891584000 45
1268593167140430000 38
1268593167341974000 45
1268593167591010000 38
1268593167792614000 45
1268593168041951000 38
1268593168242034000 44
1268593168443129000 43
1268593168695679000 40
1268593168897320000 45
1268593169146313000 38
1268593169347887000 45
1268593169596946000 38
1268593169798217000 45
1268593170019082000 38
1268593170232767000 35
1268593170434371000 45
1268593170683380000 38
1268593170884745000 45
1268593171133764000 38
1268593171335239000 45
1268593171584276000 38
1268593171785746000 45
1268593172032960000 37
1268593172234583000 45
1268593172483725000 38
1268593172685244000 45
1268593172934283000 38
1268593173135879000 45
1268593173383517000 37
1268593173583530000 44
1268593173834731000 39
1268593174036467000 45
1268593174283888000 37
1268593174485587000 45
1268593174734693000 38
1268593174936473000 45
1268593175138129000 27
1268593175339617000 45
1268593175581534000 34
1268593175783262000 45
1268593176032325000 38
1268593176233718000 45
1268593176480830000 37
1268593176682588000 45
1268593176931614000 38
1268593177133266000 45
1268593177382419000 38
1268593177583978000 45
1268593177833113000 38
1268593178034896000 45
1268593178282298000 37
1268593178482856000 44
1268593178732260000 38
1268593178933917000 45
1268593179183332000 38
1268593179385050000 45
1268593179634101000 38
1268593179835808000 45
1268593180083160000 37
1268593180283207000 44
1268593180534213000 39
1268593180735749000 45
1268593180984801000 38
1268593181186280000 45
1268593181435335000 38
1268593181636918000 45
1268593181884123000 37
1268593182085788000 45
1268593182334715000 38
1268593182536365000 45
1268593182785452000 38
1268593182986852000 45
1268593183235883000 38
1268593183437434000 45
1268593183685093000 37
1268593183886834000 45
1268593184136050000 38
1268593184337651000 45
1268593184586860000 38
1268593184788355000 45
1268593185035561000 37
1268593185237214000 45
1268593185486339000 38
1268593185687830000 45
1268593185936853000 38
1268593186138637000 45
1268593186387837000 38
1268593186589295000 45
1268593186836561000 37
1268593187038340000 45
1268593187287251000 38
1268593187488681000 45
1268593187737816000 38
1268593187939412000 45
1268593188188639000 38
1268593188390231000 45
1268593188637437000 37
1268593188837793000 44
1268593189089010000 39
1268593189289418000 44
1268593189538445000 38
1268593189740047000 45
1268593189989137000 38
1268593190190792000 45
1268593190439733000 38
1268593190641093000 45
1268593190890147000 38
1268593191091767000 45
1268593191339009000 37
1268593191540746000 45
1268593191789975000 38
1268593191991443000 45
1268593192240536000 38
1268593192442139000 45
1268593192689518000 37
1268593192891037000 45
1268593193140125000 38
1268593193341834000 45
1268593193591002000 38
1268593193792736000 45
1268593194040652000 37
1268593194242346000 45
1268593194491760000 38
1268593194693416000 45
1268593194940894000 37
1268593195141012000 44
1268593195392117000 39
1268593195593907000 45
1268593195841184000 37
1268593196041256000 44
1268593196292246000 39
1268593196493855000 45
1268593196743057000 38
1268593196943096000 44
1268593197192270000 38
1268593197393915000 45
1268593197643078000 38
1268593197844621000 45
1268593198093594000 38
1268593198294949000 45
1268593198543905000 38
1268593198745564000 45
1268593198992855000 37
1268593199193031000 44
1268593199443706000 39
1268593199645188000 45
1268593199894268000 38
1268593200095936000 45
1268593200344895000 38
1268593200546472000 45
1268593200793770000 37
1268593200993793000 44
1268593201244887000 39
1268593201446458000 45
1268593201695494000 38
1268593201897049000 45
1268593202144502000 37
1268593202344731000 44
1268593202595852000 39
1268593202797494000 45
1268593203044935000 37
1268593203244982000 44
1268593203496035000 39
1268593203697723000 45
1268593203945111000 37
1268593204146898000 45
1268593204396654000 38
1268593204598245000 45
1268593204847219000 38
1268593205048860000 45
1268593205296256000 37
1268593205497785000 45
1268593205747054000 38
1268593205948652000 45
1268593206197934000 38
1268593206399601000 45
1268593206646844000 37
1268593206847273000 44
1268593207098349000 39
1268593207299868000 45
1268593207547207000 37
1268593207748833000 45
1268593207998052000 38
1268593208199657000 45
1268593208448833000 38
1268593208650428000 45
1268593208897840000 37
1268593209099582000 45
1268593209348940000 38
1268593209549051000 44
1268593209798286000 38
1268593209999893000 45
1268593210249269000 38
1268593210449581000 44
1268593210698748000 38
1268593210900403000 45
1268593211149809000 38
1268593211351601000 45
1268593211598967000 37
1268593211800702000 45
1268593212050580000 38
1268593212251057000 44
1268593212500316000 38
1268593212701900000 45
1268593212949099000 37
1268593213150889000 45
1268593213400068000 38
1268593213601723000 45
1268593213851133000 38
1268593214051445000 44
1268593214300638000 38
1268593214502222000 45
1268593214750046000 37
1268593214951609000 45
1268593215200794000 38
1268593215402428000 45
1268593215651611000 38
1268593215853220000 45
1268593216100629000 37
1268593216302380000 45
1268593216551603000 38
1268593216753104000 45
1268593217002751000 38
1268593217204400000 45
1268593217451812000 37
1268593217651823000 44
1268593217902781000 39
1268593218102877000 44
1268593218352313000 38
1268593218553935000 45
1268593218803041000 38
1268593219004608000 45
1268593219251937000 37
1268593219453762000 45
1268593219702855000 38
1268593219903252000 44
1268593220154206000 39
1268593220355967000 45
1268593220603392000 37
1268593220804872000 45
1268593221054652000 38
1268593221256132000 45
1268593221503444000 37
1268593221705204000 45
1268593221954463000 38
1268593222156009000 45
1268593222405322000 38
1268593222606906000 45
1268593222854368000 37
1268593223056065000 45
1268593223305366000 38
1268593223505467000 44
1268593223754726000 38
1268593223956134000 45
1268593224205289000 38
1268593224406792000 45
1268593224655890000 38
1268593224856032000 44
1268593225105777000 38
1268593225305863000 44
1268593225555081000 38
1268593225755103000 44
1268593226006317000 39
1268593226208021000 45
1268593226455566000 37
1268593226655633000 44
1268593226907060000 39
1268593227107156000 44
1268593227356322000 38
1268593227556649000 44
1268593227807753000 39
1268593228007824000 44
1268593228257399000 38
1268593228457458000 44
1268593228706608000 38
1268593228906752000 44
1268593229158027000 39
1268593229358057000 44
1268593229607480000 38
1268593229809260000 45
1268593230058786000 38
1268593230259220000 42
1268593230513732000 41
1268593230715380000 45
1268593230964609000 38
1268593231166345000 45
1268593231413625000 37
1268593231613793000 44
1268593231864795000 39
1268593232066492000 45
1268593232315523000 38
1268593232517265000 45
1268593232764631000 37
1268593232966332000 45
1268593233215573000 38
1268593233417247000 45
1268593233666451000 38
1268593233868202000 45
1268593234115671000 37
1268593234317365000 45
1268593234566614000 38
1268593234766641000 44
1268593235016115000 38
1268593235216546000 44
1268593235465765000 38
1268593235665885000 44
1268593235916900000 39
1268593236117104000 44
1268593236366408000 38
1268593236568103000 45
1268593236817268000 38
1268593237018981000 45
1268593237268144000 38
1268593237468203000 44
1268593237717490000 38
1268593237919173000 45
1268593238168669000 38
1268593238370301000 45
1268593238617705000 37
1268593238817781000 44
1268593239068953000 39
1268593239270722000 45
1268593239518135000 37
1268593239718198000 44
1268593239969136000 39
1268593240170818000 45
1268593240418576000 37
1268593240618706000 44
1268593240869783000 39
1268593241069833000 44
1268593241319020000 38
1268593241520754000 45
1268593241770157000 38
1268593241970241000 44
1268593242220092000 38
1268593242421883000 45
1268593242671214000 38
1268593242871308000 44
1268593243120414000 38
1268593243320539000 44
1268593243571714000 39
1268593243771840000 44
1268593244021208000 38
1268593244222789000 45
1268593244472044000 38
1268593244673833000 45
1268593244921300000 37
1268593245123059000 45
1268593245372452000 38
1268593245572913000 44
1268593245822244000 38
1268593246022393000 44
1268593246271605000 38
1268593246471792000 44
1268593246722905000 39
1268593246924648000 45
1268593247148990000 37
1268593247350765000 45
1268593247600307000 38
1268593247802061000 45
1268593248049688000 37
1268593248251405000 45
1268593248500776000 38
1268593248700856000 44
1268593248950176000 38
1268593249150235000 44
1268593249401186000 39
1268593249601203000 44
1268593249850413000 38
1268593250052213000 45
1268593250301553000 38
1268593250503278000 45
1268593250751530000 37
1268593250951544000 44
1268593251202696000 39
1268593251402699000 44
1268593251652067000 38
1268593251852319000 44
1268593252073622000 38
1268593252317717000 35
1268593252517726000 44
1268593252737546000 38
1268593252937754000 44
1268593253187313000 38
1268593253387639000 44
1268593253638945000 39
1268593253840736000 45
1268593254088289000 37
1268593254290083000 45
1268593254539340000 38
1268593254741144000 45
1268593254988628000 37
1268593255190361000 45
1268593255439719000 38
1268593255639957000 44
1268593255919646000 38
1268593256121345000 45
1268593256369020000 37
1268593256569268000 44
1268593256820450000 39
1268593257020562000 44
1268593257269933000 38
1268593257470006000 44
1268593257721143000 39
1268593257921226000 44
1268593258170505000 38
1268593258370756000 44
1268593258619927000 38
1268593258820288000 44
1268593259071662000 39
1268593259271664000 44
1268593259520854000 38
1268593259721033000 44
1268593259972118000 39
1268593260172240000 44
1268593260421417000 38
1268593260623163000 45
1268593260872590000 38
1268593261073106000 44
1268593261322426000 38
1268593261522499000 44
1268593261771891000 38
1268593261971968000 44
1268593262223175000 39
1268593262424894000 45
1268593262672615000 37
1268593262874269000 45
1268593263123611000 38
1268593263323683000 44
1268593263543062000 38
1268593263744713000 45
1268593263993952000 38
1268593264194117000 44
1268593264443330000 38
1268593264645060000 45
1268593264894436000 38
1268593265096186000 45
1268593265343599000 37
1268593265545235000 45
1268593265794434000 38
1268593265996213000 45
1268593266243941000 37
1268593266445545000 45
1268593266694572000 38
1268593266896155000 45
1268593267145271000 38
1268593267346842000 45
1268593267594203000 37
1268593267794301000 44
1268593268045300000 39
1268593268246987000 45
1268593268496233000 38
1268593268696401000 44
1268593268945707000 38
1268593269147458000 45
1268593269394796000 37
1268593269594935000 44
1268593269845883000 39
1268593270047378000 45
1268593270296518000 38
1268593270498190000 45
1268593270745469000 37
1268593270946949000 45
1268593271196479000 38
1268593271398019000 45
1268593271647079000 38
1268593271848746000 45
1268593272096224000 37
1268593272297806000 45
1268593272546799000 38
1268593272748162000 45
1268593272997369000 38
1268593273199128000 45
1268593273448161000 38
1268593273649667000 45
1268593273896970000 37
1268593274097196000 44
1268593274348343000 39
1268593274549958000 45
1268593274798875000 38
1268593275000405000 45
1268593275247905000 37
1268593275449403000 45
1268593275698501000 38
1268593275900290000 45
1268593276149750000 38
1268593276350026000 44
1268593276599285000 38
1268593276800989000 45
1268593277050139000 38
1268593277251908000 45
1268593277499465000 37
1268593277701252000 45
1268593277950476000 38
1268593278152147000 45
1268593278399388000 37
1268593278599403000 44
1268593278850506000 39
1268593279050590000 44
1268593279299619000 38
1268593279499761000 44
1268593279750779000 39
1268593279952567000 45
1268593280201983000 38
1268593280403692000 45
1268593280650931000 37
1268593280852498000 45
1268593281101805000 38
1268593281303573000 45
1268593281551301000 37
1268593281753013000 45
1268593282002174000 38
1268593282212179000 33
1268593282412182000 44
1268593282661149000 38
1268593282861524000 44
1268593283089863000 39
1268593283289972000 44
1268593283539247000 38
1268593283740925000 45
1268593283990247000 38
1268593284190297000 44
1268593284439709000 38
1268593284641480000 45
1268593284890936000 38
1268593285091136000 44
1268593285340477000 38
1268593285542232000 45
1268593285791348000 38
1268593285992979000 45
1268593286240430000 37
1268593286440565000 44
1268593286692072000 39
1268593286893773000 45
1268593287141203000 37
1268593287342831000 45
1268593287592037000 38
1268593287793672000 45
1268593288042923000 38
1268593288287720000 49
1268593288489400000 45
1268593288738714000 38
1268593288940382000 45
1268593289187933000 37
1268593289389712000 45
1268593289638999000 38
1268593289840728000 45
1268593290088209000 37
1268593290288239000 44
1268593290539149000 39
1268593290740820000 45
1268593290989914000 38
1268593291191597000 45
1268593291439043000 37
1268593291640686000 45
1268593291890375000 38
1268593292090421000 44
1268593292339752000 38
1268593292541433000 45
1268593292790695000 38
1268593292992359000 45
1268593293239797000 37
1268593293439853000 44
1268593293691169000 39
1268593293892897000 45
1268593294140228000 37
1268593294342021000 45
1268593294591252000 38
1268593294791407000 44
1268593295040761000 38
1268593295240910000 44
1268593295491806000 39
1268593295693402000 45
1268593295940621000 37
1268593296140646000 44
1268593296391639000 39
1268593296593395000 45
1268593296842437000 38
1268593297042792000 44
1268593297292043000 38
1268593297492070000 44
1268593297741197000 38
1268593297942836000 45
1268593298191995000 38
1268593298401916000 33
1268593298601964000 44
1268593298853175000 39
1268593299053191000 44
1268593299272334000 38
1268593299474127000 45
1268593299723301000 38
1268593299924891000 45
1268593300174068000 38
1268593300375799000 45
1268593300623155000 37
1268593300824765000 45
1268593301073972000 38
1268593301275570000 45
1268593301523013000 37
1268593301723271000 44
1268593301974373000 39
1268593302175438000 42
1268593302430224000 41
1268593302630339000 44
1268593302879700000 38
1268593303079895000 44
1268593303331057000 39
1268593303531115000 44
1268593303780314000 38
1268593303980397000 44
1268593304231571000 39
1268593304433330000 45
1268593304680916000 37
1268593304880947000 44
1268593305132068000 39
1268593305333778000 45
1268593305583037000 38
1268593305784825000 45
1268593306032453000 37
1268593306232457000 44
1268593306483358000 39
1268593306684963000 45
1268593306932457000 37
1268593307132814000 44
1268593307382105000 38
1268593307582246000 44
1268593307833353000 39
1268593308033490000 44
1268593308282577000 38
1268593308482658000 44
1268593308733963000 39
1268593308934165000 44
1268593309183565000 38
1268593309383691000 44
1268593309634702000 39
1268593309835038000 44
1268593310084724000 38
1268593310284833000 44
1268593310534159000 38
1268593310734404000 44
1268593310985602000 39
1268593311187241000 45
1268593311434732000 37
1268593311636344000 45
1268593311885563000 38
1268593312085589000 44
1268593312335342000 38
1268593312535693000 44
1268593312785152000 38
1268593312985277000 44
1268593313236583000 39
1268593313436815000 33
1268593313687545000 26
1268593313889100000 30
1268593314137144000 25
1268593314338279000 30
1268593314540764000 28
1268593314802075000 29
1268593315002922000 29
1268593315261515000 28
1268593315461790000 29
1268593315698151000 25
1268593315898641000 29
1268593316098708000 18
1268593316299043000 29
1268593316511637000 25
1268593316713963000 32
1268593316955342000 22
1268593317155646000 31
1268593317369972000 23
1268593317573646000 30
1268593317773906000 31
1268593318310367000 23
1268593318555015000 32
1268593318755593000 29
1268593319005308000 25
1268593319207069000 30
1268593319453669000 24
1268593319653978000 29
1268593319895084000 25
1268593320095585000 29
1268593320340392000 26
1268593320578959000 32
1268593320779709000 29
1268593320980990000 32
1268593321222317000 22
1268593321422481000 32
1268593321655396000 22
1268593321855683000 29
1268593322091378000 25
1268593322292056000 29
1268593322539293000 25
1268593322741262000 32
1268593322985273000 23
1268593323616956000 10
1268593323862744000 33
1268593324063099000 29
1268593324277455000 25
1268593324478274000 29
1268593324685545000 25
1268593324885965000 29
1268593325131605000 25
1268593325394204000 32
1268593325594724000 29
1268593325837765000 25
1268593326100168000 32
1268593326300415000 29
1268593326546100000 26
1268593326746530000 31
1268593326990406000 23
1268593327192178000 30
1268593327436395000 24
1268593327636736000 29
1268593327855120000 25
1268593328715606000 21
1268593328960179000 32
1268593329201442000 22
1268593329410557000 32
1268593329612773000 30
1268593329859297000 24
1268593330092149000 26
1268593330292502000 29
1268593330518079000 25
1268593330749857000 33
1268593330950560000 29
1268593331192274000 25
1268593331452744000 32
1268593331653514000 29
1268593331895041000 25
1268593332155916000 32
1268593332356700000 29
1268593332597590000 25
1268593332829545000 32
1268593333679919000 1
1268593333919606000 32
1268593334120395000 29
1268593334334504000 25
1268593334534936000 29
1268593334779429000 34
1268593335012744000 30
1268593335214082000 32
1268593335451619000 33
1268593335652390000 29
1268593335864781000 25
1268593336065308000 29
1268593336266091000 29
1268593336512265000 26
1268593336712939000 29
1268593336959222000 25
1268593337161648000 27
1268593337362502000 26
1268593337628626000 38
1268593337880407000 31
1268593338099475000 31
1268593338341294000 39
1268593338742553000 30
1268593338968537000 57
1268593339169579000 61
1268593339384111000 48
1268593339585057000 61
1268593339785182000 55
1268593339986091000 61
1268593340204299000 54
1268593340422798000 54
1268593340623867000 61
1268593340844316000 55
1268593341045272000 61
1268593341262795000 48
1268593341463783000 61
1268593341684132000 55
1268593341885100000 61
1268593342103588000 54
1268593342323470000 55
1268593342525089000 61
1268593342743299000 54
1268593342944395000 61
1268593343164664000 55
1268593343364778000 55
1268593343565617000 61
1268593343784357000 54
1268593343985428000 61
1268593344203593000 54
1268593344405063000 56
1268593344634237000 60
1268593344835167000 61
1268593345053606000 54
1268593345262981000 60
1268593345464093000 61
1268593345684217000 55
1268593345902703000 54
1268593346103785000 61
1268593346303795000 44
1268593346504984000 61
1268593346723641000 54
1268593346924610000 61
1268593347144735000 55
1268593347345042000 55
1268593347546687000 61
1268593347763075000 53
1268593347963925000 61
1268593348184164000 55
1268593348385657000 56
1268593348586537000 61
1268593348803220000 53
1268593349004232000 61
1268593349224593000 55
1268593349424858000 55
1268593349625751000 61
1268593349844144000 54
1268593350045035000 61
1268593350263576000 54
1268593350465369000 56
1268593350666226000 61
1268593350867420000 48
1268593351089649000 56
1268593351290709000 61
1268593351492058000 50
1268593351714158000 56
1268593351915062000 61
1268593352116594000 50
1268593352317618000 61
1268593352517979000 55
1268593352719340000 61
1268593352934502000 52
1268593353135720000 61
1268593353336543000 39
1268593353553161000 53
1268593353754331000 61
1268593353974577000 55
1268593354175629000 61
1268593354375936000 55
1268593354583844000 48
1268593354813127000 60
1268593355014125000 61
1268593355234170000 55
1268593355454243000 55
1268593355655131000 61
1268593355856641000 60
1268593356057726000 61
1268593356274416000 53
1268593356492924000 65
1268593356694129000 61
1268593356914599000 55
1268593357115643000 61
1268593357323160000 48
1268593357524364000 61
1268593357754129000 60
1268593357955400000 61
1268593358173934000 54
1268593358374986000 61
1268593358575135000 55
1268593358776112000 61
1268593358992938000 53
1268593359194304000 61
1268593359395761000 56
1268593359604107000 54
1268593359804883000 61
1268593360023147000 54
1268593360224352000 61
1268593360424619000 55
1268593360654148000 60
1268593360855196000 70
1268593361056390000 61
1268593361264107000 48
1268593361484302000 66
1268593361685237000 61
1268593361903515000 54
1268593362104424000 61
1268593362324864000 55
1268593362526440000 56
1268593362727299000 61
1268593362944392000 53
1268593363145528000 61
1268593363353854000 54
1268593363563219000 60
1268593363764149000 61
1268593363982676000 54
1268593364183738000 61
1268593364404213000 55
1268593364634244000 55
1268593364835317000 61
1268593365053885000 54
1268593365254555000 61
1268593365454834000 55
1268593365673169000 54
1268593365874129000 61
1268593366094592000 55
1268593366295708000 61
1268593366495763000 55
1268593366714180000 54
1268593366915078000 61
1268593367133667000 54
1268593367353448000 66
1268593367573365000 55
1268593367774631000 61
1268593367993516000 54
1268593368194848000 61
1268593368404426000 49
1268593368613955000 60
1268593368814354000 60
1268593369032790000 54
1268593369264218000 61
1268593369465291000 61
1268593369693134000 48
1268593369894175000 61
1268593370114432000 55
1268593370315645000 61
1268593370516187000 55
1268593370717318000 61
1268593370934152000 53
1268593371135512000 61
1268593371353980000 54
1268593371554205000 55
1268593371755315000 61
1268593371974076000 54
1268593372175433000 61
1268593372394178000 54
1268593372594414000 55
1268593372795529000 61
1268593373014364000 54
1268593373233624000 52
1268593373434701000 61
1268593373634908000 44
1268593373836075000 61
1268593374052786000 53
1268593374254106000 61
1268593374474528000 55
1268593374675820000 61
1268593374903354000 59
1268593375104816000 61
1268593375323568000 54
1268593375524889000 61
1268593375725986000 50
1268593375933705000 59
1268593376134917000 75
1268593376359108000 57
1268593376560446000 61
1268593376761103000 55
1268593376962412000 61
1268593377173976000 50
1268593377374892000 61
1268593377575084000 55
1268593377793558000 54
1268593377994813000 61
1268593378220943000 55
1268593378422276000 61
1268593378653132000 55
1268593378854339000 61
1268593379073215000 54
1268593379293533000 66
1268593379494829000 61
1268593379695240000 44
1268593379896553000 61
1268593380113614000 53
1268593380314653000 61
1268593380533191000 54
1268593380733878000 55
1268593380935339000 61
1268593381159153000 60
1268593381383357000 57
1268593381584477000 61
1268593381785947000 50
1268593382013708000 59
1268593382214843000 61
1268593382433550000 54
1268593382634177000 55
1268593382835195000 61
1268593383054138000 54
1268593383254965000 62
1268593383455262000 66
1268593383655643000 55
1268593383883365000 59
1268593384084741000 61
1268593384303092000 54
1268593384504361000 61
1268593384704616000 55
1268593384923485000 54
1268593385124893000 61
1268593385325547000 44
1268593385526804000 61
1268593385727499000 55
1268593385928479000 61
1268593386129913000 55
1268593386331151000 61
1268593386547997000 53
1268593386763056000 54
1268593386964197000 61
1268593387183058000 54
1268593387413222000 66
1268593387643624000 66
1268593387864364000 66
1268593388065569000 60
1268593388283995000 54
1268593388485145000 61
1268593388685316000 55
1268593388903898000 54
1268593389105088000 61
1268593389323620000 54
1268593389524728000 61
1268593389724974000 55
1268593389943336000 54
1268593390144628000 61
1268593390363067000 54
1268593390564193000 61
1268593390764397000 55
1268593390965022000 44
1268593391191341000 68
1268593391413317000 66
1268593391614688000 61
1268593391814935000 44
1268593392016338000 61
1268593392232935000 53
1268593392434025000 61
1268593392654472000 55
1268593392854938000 55
1268593393056028000 61
1268593393264364000 48
1268593393465490000 61
1268593393684062000 54
1268593393894192000 55
1268593394095673000 61
1268593394314318000 54
1268593394515406000 61
1268593394723209000 48
1268593394933026000 60
1268593395134509000 61
1268593395352795000 54
1268593395553877000 61
1268593395754111000 55
1268593395972645000 54
1268593396191889000 70
1268593396393022000 61
1268593396611698000 54
1268593396813056000 60
1268593397044171000 61
1268593397262790000 54
1268593397464017000 61
1268593397684106000 55
1268593397902867000 65
1268593398104139000 61
1268593398312840000 54
1268593398514182000 61
1268593398734335000 55
1268593398944166000 55
1268593399145413000 61
1268593399353910000 54
1268593399554957000 61
1268593399755121000 55
1268593399955435000 55
1268593400156812000 61
1268593400373397000 53
1268593400574554000 61
1268593400794110000 54
1268593400995180000 55
1268593401222656000 74
1268593401442927000 55
1268593401643980000 61
1268593401844420000 55
1268593402062872000 54
1268593402263598000 61
1268593402484080000 55
1268593402685285000 61
1268593402886863000 56
1268593403103772000 53
1268593403324331000 55
1268593403525047000 59
1268593403748998000 57
1268593403963919000 63
1268593404165068000 61
1268593404383410000 54
1268593404584436000 61
1268593404784979000 44
1268593405003710000 54
1268593405204993000 61
1268593405413509000 54
1268593405614741000 61
1268593405816523000 56
1268593406016946000 55
1268593406218218000 61
1268593406433048000 52
1268593406634341000 61
1268593406854509000 55
1268593407054928000 55
1268593407255813000 61
1268593407474486000 54
1268593407675696000 61
1268593407875798000 55
1268593408094347000 54
1268593408295662000 61
1268593408514433000 54
1268593408715649000 61
1268593408916082000 55
1268593409132795000 53
1268593409352621000 66
1268593409553789000 61
1268593409754011000 55
1268593409963496000 60
1268593410164761000 61
1268593410383177000 54
1268593410584386000 61
1268593410802797000 54
1268593411003168000 55
1268593411204547000 61
1268593411413186000 54
1268593411614374000 61
1268593411832958000 54
1268593412042840000 60
1268593412243994000 61
1268593412464262000 55
1268593412665480000 61
1268593412883960000 54
1268593413084035000 55
1268593413302743000 54
1268593413523374000 55
1268593413724996000 61
1268593413933186000 54
1268593414153679000 55
1268593414354893000 61
1268593414573785000 54
1268593414783559000 49
1268593414984090000 55
1268593415185470000 61
1268593415386236000 44
1268593415587334000 61
1268593415804056000 53
1268593416022570000 65
1268593416223847000 61
1268593416444253000 55
1268593416645605000 61
1268593416864180000 54
1268593417064276000 55
1268593417293015000 65
1268593417503235000 55
1268593417704453000 61
1268593417922944000 54
1268593418133225000 55
1268593418334432000 61
1268593418553056000 54
1268593418754510000 61
1268593418974665000 55
1268593419175375000 55
1268593419377027000 61
1268593419594142000 53
1268593419812624000 65
1268593420032823000 55
1268593420233901000 61
1268593420454468000 55
1268593420655822000 61
1268593420874409000 54
1268593421074959000 55
1268593421293358000 65
1268593421494247000 61
1268593421712781000 54
1268593421914114000 61
1268593422114453000 44
1268593422315595000 61
1268593422534171000 54
1268593422735511000 61
1268593422953020000 53
1268593423153781000 55
1268593423383454000 60
1268593423585092000 61
1268593423803588000 54
1268593424004866000 61
1268593424206046000 50
1268593424433782000 59
1268593424634975000 61
1268593424842856000 48
1268593425054312000 61
1268593425255506000 61
1268593425473994000 54
1268593425675205000 61
1268593425893749000 54
1268593426093805000 55
1268593426295127000 61
1268593426513720000 54
1268593426714780000 61
1268593426933515000 54
1268593427134217000 55
1268593427354226000 66
1268593427555106000 61
1268593427774093000 54
1268593427975267000 61
1268593428177008000 45
1268593428378168000 61
1268593428593410000 52
1268593428794873000 61
1268593429013441000 54
1268593429214083000 55
1268593429444034000 60
1268593429645192000 61
1268593429845686000 44
1268593430046732000 61
1268593430247069000 55
1268593430464102000 53
1268593430665113000 61
1268593430883753000 54
1268593431084933000 61
1268593431285292000 55
1268593431503727000 54
1268593431704892000 61
1268593431923494000 54
1268593432123944000 55
1268593432324994000 61
1268593432543580000 54
1268593432744843000 61
1268593432963296000 54
1268593433163616000 66
1268593433384099000 55
1268593433585083000 61
1268593433804326000 54
1268593434005666000 61
1268593434206106000 55
1268593434407359000 61
1268593434616050000 53
1268593434843768000 59
1268593435044896000 61
1268593435246162000 50
1268593435473407000 58
1268593435674818000 61
1268593435886158000 50
1268593436087590000 61
1268593436288005000 55
1268593436489184000 61
1268593436690963000 60
1268593436916925000 58
1268593437117745000 61
1268593437318315000 55
1268593437533521000 52
1268593437734465000 61
1268593437954680000 55
1268593438155837000 61
1268593438357593000 56
1268593438574368000 53
1268593438775045000 61
1268593438994212000 54
1268593439194499000 55
1268593439413093000 65
1268593439614239000 61
1268593439816008000 56
1268593440017083000 61
1268593440217609000 55
1268593440443260000 58
1268593440644192000 61
1268593440862999000 54
1268593441064326000 61
1268593441293800000 60
1268593441495010000 61
1268593441713718000 54
1268593441919395000 50
1268593442120849000 61
1268593442322320000 48
1268593442553937000 61
1268593442755230000 61
1268593442973664000 54
1268593443175222000 61
1268593443392981000 59
1268593443594379000 61
1268593443795572000 54
1268593443996714000 61
1268593444197721000 59
1268593444399309000 49
1268593444600492000 61
1268593444825998000 41
1268593445027406000 61
1268593445233458000 54
1268593445434108000 55
1268593445635540000 61
1268593445836248000 44
1268593446065825000 60
1268593446266246000 55
1268593446467420000 61
1268593446684380000 53
1268593446885728000 61
1268593447104525000 54
1268593447305184000 44
1268593447506551000 61
1268593447723521000 53
1268593447924905000 61
1268593448143576000 54
1268593448344108000 55
1268593448545238000 61
1268593448764059000 54
1268593448965252000 61
1268593449189694000 55
1268593449389933000 58
1268593449591162000 61
1268593449791708000 44
1268593450023114000 61
1268593450224422000 61
1268593450425135000 55
1268593450626342000 61
1268593450843290000 53
1268593451044565000 61
1268593451263291000 54
1268593451463916000 55
1268593451665286000 61
1268593451883741000 54
1268593452084542000 65
1268593452286040000 61
1268593452486507000 48
1268593452714178000 59
1268593452915300000 61
1268593453134044000 54
1268593453334263000 66
1268593453535819000 61
1268593453754198000 54
1268593453955257000 61
1268593454174603000 54
1268593454376274000 56
1268593454577368000 61
1268593454783277000 47
1268593454984735000 61
1268593455203332000 54
1268593455412912000 60
1268593455613884000 61
1268593455832796000 54
1268593456033978000 61
1268593456254409000 55
1268593456454832000 55
1268593456655966000 61
1268593456872710000 53
1268593457073983000 61
1268593457293839000 55
1268593457494013000 55
1268593457695213000 61
1268593457913948000 54
1268593458115101000 61
1268593458333498000 54
1268593458534008000 55
1268593458735173000 61
1268593458953695000 54
1268593459154051000 60
1268593459355665000 56
1268593459574286000 65
1268593459775354000 61
1268593459994077000 54
1268593460195323000 61
1268593460395497000 55
1268593460614124000 54
1268593460815610000 61
1268593461034216000 54
1268593461263803000 60
1268593461473394000 60
1268593461674762000 61
1268593461893210000 54
1268593462094000000 60
1268593462294817000 48
1268593462495131000 55
1268593462722841000 59
1268593462924087000 61
1268593463144423000 55
1268593463345637000 61
1268593463546128000 55
1268593463762946000 53
1268593463964263000 61
1268593464183261000 54
1268593464384467000 61
1268593464584850000 55
1268593464785430000 44
1268593464986338000 61
1268593465203073000 53
1268593465404285000 61
1268593465604522000 44
1268593465805593000 61
1268593466024207000 54
1268593466225347000 61
1268593466443807000 54
1268593466644077000 55
1268593466845231000 61
1268593467063926000 54
1268593467294211000 66
1268593467502837000 54
1268593467704130000 61
1268593467924384000 55
1268593468125370000 61
1268593468343840000 54
1268593468544268000 55
1268593468745261000 61
1268593468963880000 54
1268593469164965000 61
1268593469384096000 54
1268593469584120000 55
1268593469814161000 66
1268593470015303000 61
1268593470233901000 54
1268593470435204000 61
1268593470635863000 55
1268593470863416000 59
1268593471064817000 61
1268593471265272000 44
1268593471466575000 61
1268593471667116000 44
1268593471867938000 61
1268593472084536000 53
1268593472285765000 61
1268593472504531000 54
1268593472704845000 55
1268593472905957000 61
1268593473122848000 53
1268593473333101000 66
1268593473533368000 55
1268593473734549000 61
1268593473953285000 54
1268593474154574000 61
1268593474373337000 54
1268593474574887000 55
1268593474784427000 49
1268593474985476000 61
1268593475204235000 54
1268593475405519000 61
1268593475605824000 55
1268593475824359000 54
1268593476025665000 61
1268593476244224000 54
1268593476445132000 61
1268593476645620000 55
1268593476864199000 54
1268593477065228000 61
1268593477265785000 44
1268593477466799000 61
1268593477668431000 50
1268593477869469000 61
1268593478084478000 52
1268593478285700000 61
1268593478486198000 59
1268593478686923000 57
1268593478914382000 59
1268593479115548000 61
1268593479323521000 48
1268593479537278000 66
1268593479737520000 51
1268593479963145000 58
1268593480164202000 61
1268593480364759000 59
1268593480592524000 61
1268593480813113000 55
1268593481014056000 61
1268593481234129000 55
1268593481435361000 61
1268593481635859000 55
1268593481854346000 54
1268593482055546000 61
1268593482274135000 54
1268593482475215000 61
1268593482676777000 56
1268593482893286000 53
1268593483094589000 61
1268593483296367000 56
1268593483497429000 61
1268593483697861000 55
1268593483898821000 61
1268593484113828000 52
1268593484315026000 61
1268593484533543000 54
1268593484733664000 55
1268593484935414000 59
1268593485159600000 57
1268593485383792000 57
1268593485584945000 61
1268593485785252000 55
1268593486012882000 59
1268593486213876000 61
1268593486434310000 55
1268593486635333000 61
1268593486835338000 55
1268593487053840000 54
1268593487254973000 61
1268593487473195000 54
1268593487673655000 55
1268593487874781000 61
1268593488093628000 54
1268593488294595000 61
1268593488513158000 54
1268593488714933000 56
1268593488916109000 61
1268593489132926000 53
1268593489353012000 66
1268593489554094000 61
1268593489754732000 55
1268593489955477000 59
1268593490173891000 57
1268593490375166000 61
1268593490593609000 54
1268593490794156000 55
1268593490995535000 61
1268593491214342000 54
1268593491443926000 60
1268593491645063000 61
1268593491845702000 55
1268593492073501000 59
1268593492274854000 61
1268593492493399000 54
1268593492694638000 61
1268593492894906000 55
1268593493097720000 60
1268593493322635000 65
1268593493524022000 61
1268593493724035000 55
1268593493944440000 55
1268593494145564000 61
1268593494364228000 54
1268593494565389000 61
1268593494766520000 55
1268593494983425000 53
1268593495184810000 61
1268593495385583000 44
1268593495586878000 61
1268593495787147000 44
1268593495988468000 61
1268593496203492000 52
1268593496404738000 61
1268593496623461000 54
1268593496824080000 55
1268593497025418000 61
1268593497233931000 54
1268593497435049000 61
1268593497643114000 48
1268593497863535000 55
1268593498065128000 61
1268593498283687000 54
1268593498484878000 61
1268593498703589000 54
1268593498903996000 55
1268593499105279000 61
1268593499324388000 54
1268593499525690000 61
1268593499743733000 53
1268593499944606000 55
1268593500145827000 61
1268593500364363000 54
1268593500565601000 61
1268593500784232000 54
1268593500984822000 55
1268593501186128000 61
1268593501386969000 44
1268593501588232000 61
1268593501803320000 52
1268593502023901000 55
1268593502225629000 61
1268593502444243000 54
1268593502645355000 61
1268593502845864000 55
1268593503045991000 59
1268593503246678000 64
1268593503452718000 58
1268593503654259000 61
1268593503854800000 55
1268593504073515000 54
1268593504274823000 61
1268593504493470000 54
1268593504694935000 61
1268593504895309000 55
1268593505112542000 53
1268593505313971000 61
1268593505534498000 55
1268593505735688000 61
1268593505936486000 55
1268593506153536000 53
1268593506354801000 61
1268593506573780000 54
1268593506774917000 61
1268593506975045000 55
1268593507193712000 54
1268593507414073000 66
1268593507623936000 60
1268593507825202000 61
1268593508025683000 44
1268593508254888000 64
1268593508455947000 61
1268593508674664000 54
1268593508884361000 60
1268593509085249000 61
1268593509293592000 54
1268593509494745000 61
1268593509713336000 54
1268593509923268000 55
1268593510129177000 61
1268593510330397000 61
1268593510548940000 54
1268593510750021000 61
1268593510950760000 53
1268593511173236000 56
1268593511374454000 61
1268593511593165000 54
1268593511794387000 61
1268593511994836000 55
1268593512213560000 54
1268593512414919000 61
1268593512633605000 54
1268593512834939000 61
1268593513035061000 55
1268593513235515000 55
1268593513436755000 61
1268593513653688000 53
1268593513854949000 61
1268593514055515000 55
1268593514256692000 61
1268593514473812000 53
1268593514674928000 61
1268593514875523000 44
1268593515076704000 53
1268593515294016000 62
1268593515495188000 61
1268593515713800000 54
1268593515915146000 61
1268593516116330000 50
1268593516344095000 59
1268593516545195000 61
1268593516763754000 54
1268593516964334000 55
1268593517165733000 61
1268593517384413000 54
1268593517585724000 61
1268593517804447000 54
1268593518004493000 55
1268593518205464000 61
1268593518424055000 54
1268593518625235000 61
1268593518843781000 54
1268593519044244000 55
1268593519262806000 54
1268593519464124000 61
1268593519683098000 54
1268593519884485000 61
1268593520089699000 44
1268593520291024000 61
1268593520509623000 54
1268593520711079000 61
1268593520929805000 54
1268593521130478000 55
1268593521353435000 62
1268593521554692000 61
1268593521773533000 54
1268593521974827000 61
1268593522176049000 50
1268593522404219000 59
1268593522605643000 61
1268593522824365000 54
1268593523025067000 55
1268593523226307000 61
1268593523443147000 53
1268593523644656000 61
1268593523863232000 54
1268593524063614000 55
1268593524264987000 61
1268593524483690000 54
1268593524684789000 61
1268593524885379000 44
1268593525085441000 49
1268593525293213000 59
1268593525494279000 61
1268593525713198000 54
1268593525914349000 61
1268593526114912000 55
1268593526316328000 61
1268593526532877000 53
1268593526734152000 61
1268593526954452000 55
1268593527154579000 55
1268593527384233000 60
1268593527585686000 61
1268593527804528000 54
1268593528005830000 61
1268593528206469000 55
1268593528434417000 59
1268593528635513000 61
1268593528854203000 54
1268593529055383000 61
1268593529255617000 55
1268593529474167000 54
1268593529675505000 61
1268593529893981000 54
1268593530094568000 55
1268593530296055000 59
1268593530520427000 57
1268593530721564000 61
1268593530939998000 54
1268593531141251000 59
1268593531354252000 62
1268593531555542000 61
1268593531774106000 54
1268593531975599000 61
1268593532176211000 55
1268593532377562000 61
1268593532594349000 53
1268593532795901000 61
1268593533014537000 54
1268593533214783000 55
1268593533422702000 48
1268593533624118000 61
1268593533842980000 54
1268593534044529000 61
1268593534244607000 55
1268593534463188000 54
1268593534664311000 61
1268593534864928000 44
1268593535066455000 61
1268593535267475000 55
1268593535468666000 61
1268593535683516000 52
1268593535884789000 61
1268593536103456000 54
1268593536305124000 56
1268593536506234000 61
1268593536723331000 53
1268593536924285000 61
1268593537143015000 54
1268593537343513000 55
1268593537544273000 44
1268593537745390000 61
1268593537963978000 54
1268593538173463000 60
1268593538374489000 61
1268593538593309000 54
1268593538794459000 61
1268593539012809000 54
1268593539212973000 55
1268593539444298000 61
1268593539645216000 61
1268593539863882000 54
1268593540064881000 61
1268593540265493000 55
1268593540467166000 60
1268593540689206000 56
1268593540890512000 61
1268593541109231000 54
1268593541324291000 63
1268593541525557000 61
1268593541744449000 54
1268593541962634000 65
1268593542164105000 61
1268593542364193000 44
1268593542565653000 61
1268593542784354000 54
1268593542985446000 61
1268593543204217000 54
1268593543404816000 55
1268593543623507000 54
1268593543853321000 60
1268593544054776000 60
1268593544255007000 55
1268593544473797000 54
1268593544674955000 61
1268593544875562000 44
1268593545103452000 59
1268593545304454000 55
1268593545505612000 61
1268593545724398000 54
1268593545925788000 61
1268593546144253000 54
1268593546344479000 55
1268593546545787000 61
1268593546764314000 54
1268593546965395000 61
1268593547184231000 54
1268593547385386000 61
1268593547586639000 61
1268593547803656000 53
1268593548005179000 61
1268593548223787000 54
1268593548425550000 56
1268593548626884000 61
1268593548843794000 53
1268593549044951000 71
1268593549263934000 54
1268593549464553000 55
1268593549665686000 61
1268593549866119000 44
1268593550067301000 61
1268593550284096000 53
1268593550503241000 54
1268593550704168000 61
1268593550922868000 54
1268593551124220000 61
1268593551324845000 55
1268593551543472000 54
1268593551744736000 61
1268593551963376000 54
1268593552164710000 61
1268593552366363000 56
1268593552583187000 53
1268593552784606000 61
1268593553003194000 54
1268593553232833000 60
1268593553444108000 61
1268593553645317000 61
1268593553864092000 54
1268593554064714000 76
1268593554287206000 56
1268593554488414000 58
1268593554689759000 61
1268593554890292000 44
1268593555103543000 51
1268593555324063000 55
1268593555524704000 55
1268593555725336000 59
1268593555949526000 57
1268593556150838000 61
1268593556382605000 59
1268593556583779000 61
1268593556804245000 55
1268593557005193000 61
1268593557224382000 54
1268593557425072000 55
1268593557626534000 61
1268593557843439000 53
1268593558044732000 61
1268593558263500000 54
1268593558465199000 56
1268593558666364000 61
1268593558883356000 53
1268593559083912000 76
1268593559294069000 55
1268593559503756000 60
1268593559705049000 61
1268593559923547000 54
1268593560125006000 61
1268593560343706000 54
1268593560544462000 55
1268593560745085000 59
1268593560969389000 57
1268593561170564000 61
1268593561383855000 51
1268593561584248000 55
1268593561785544000 61
1268593562004268000 54
1268593562205371000 61
1268593562405514000 55
1268593562624282000 54
1268593562825552000 61
1268593563044218000 54
1268593563263045000 54
1268593563464547000 50
1268593563694209000 60
1268593563895290000 61
1268593564114032000 54
1268593564315376000 61
1268593564515785000 55
1268593564734138000 54
1268593564952695000 65
1268593565154047000 61
1268593565354446000 55
1268593565564163000 60
1268593565765420000 59
1268593565989552000 57
1268593566190972000 61
1268593566409603000 54
1268593566611334000 59
1268593566822779000 50
1268593567024128000 61
1268593567232649000 54
1268593567434107000 61
1268593567642831000 54
1268593567844057000 61
1268593568064558000 55
1268593568265972000 61
1268593568466041000 55
1268593568682933000 53
1268593568884185000 61
1268593569104687000 55
1268593569323330000 54
1268593569544055000 66
1268593569745380000 61
1268593569953831000 54
1268593570154981000 61
1268593570373950000 54
1268593570584411000 55
1268593570785207000 58
1268593571011272000 58
1268593571212519000 61
1268593571413675000 54
1268593571623323000 60
1268593571824639000 61
1268593572043596000 54
1268593572244518000 61
1268593572463328000 54
1268593572663386000 55
1268593572864702000 61
1268593573083477000 54
1268593573284842000 61
1268593573503522000 54
1268593573703946000 55
1268593573905003000 61
1268593574123845000 54
1268593574347360000 60
1268593574562958000 54
1268593574793040000 66
1268593575013778000 66
1268593575215129000 61
1268593575415479000 55
1268593575632568000 53
1268593575833912000 61
1268593576052777000 54
1268593576254324000 61
1268593576474633000 55
1268593576675030000 55
1268593576876500000 61
1268593577093458000 53
1268593577323169000 60
1268593577524462000 61
1268593577725967000 50
1268593577953842000 59
1268593578155365000 61
1268593578374200000 54
1268593578574709000 55
1268593578775949000 61
1268593578992941000 53
1268593579194279000 61
1268593579395402000 49
1268593579613963000 55
1268593579815234000 61
1268593580015681000 55
1268593580217155000 61
1268593580434208000 53
1268593580652969000 65
1268593580854405000 61
1268593581073412000 54
1268593581293868000 66
1268593581495208000 61
1268593581695601000 44
1268593581897229000 61
1268593582112519000 52
1268593582313823000 61
1268593582534310000 55
1268593582734987000 55
1268593582936214000 61
1268593583153201000 53
1268593583383043000 60
1268593583584180000 61
1268593583785441000 50
1268593584013227000 59
1268593584214433000 61
1268593584443359000 63
1268593584663250000 55
1268593584863780000 44
1268593585065233000 61
1268593585265943000 44
1268593585466975000 61
1268593585667980000 55
1268593585883034000 52
1268593586084548000 61
1268593586303171000 54
1268593586504157000 61
1268593586704275000 55
1268593586923145000 54
1268593587124481000 61
1268593587325027000 44
1268593587526256000 61
1268593587726947000 55
1268593587928031000 61
1268593588143195000 52
1268593588344298000 61
1268593588564675000 55
1268593588766434000 56
1268593588967550000 61
1268593589184403000 53
1268593589412927000 65
1268593589614254000 61
1268593589814891000 55
1268593590042573000 59
1268593590244036000 61
1268593590464330000 55
1268593590665893000 61
1268593590874151000 58
1268593591075348000 61
1268593591293953000 54
1268593591495150000 61
1268593591695267000 55
1268593591913879000 54
1268593592115098000 61
1268593592333850000 54
1268593592535107000 61
1268593592735543000 55
1268593592954117000 54
1268593593155696000 61
1268593593356054000 66
1268593593572906000 53
1268593593784247000 61
1268593593985700000 61
1268593594204567000 54
1268593594405743000 61
1268593594624515000 54
1268593594826176000 56
1268593595042974000 53
1268593595263582000 55
1268593595464754000 61
1268593595683430000 54
1268593595893766000 55
1268593596095101000 61
1268593596313518000 54
1268593596514865000 61
1268593596733326000 54
1268593596933651000 55
1268593597134763000 61
1268593597353127000 54
1268593597554059000 61
1268593597754107000 55
1268593597972678000 54
1268593598174240000 61
1268593598394589000 55
1268593598595977000 61
1268593598796262000 55
1268593599012918000 53
1268593599214112000 61
1268593599414246000 55
1268593599615441000 61
1268593599815807000 44
1268593600043431000 59
1268593600244609000 61
1268593600463143000 54
1268593600664198000 61
1268593600865130000 55
1268593601092968000 59
1268593601324364000 61
1268593601525675000 61
1268593601744252000 54
1268593601954231000 55
1268593602155361000 61
1268593602374174000 54
1268593602575043000 61
1268593602793705000 54
1268593602994085000 55
1268593603195386000 61
1268593603413728000 54
1268593603614713000 61
1268593603814952000 55
1268593604033708000 54
1268593604234610000 61
1268593604453023000 54
1268593604654278000 61
1268593604863906000 54
1268593605065060000 61
1268593605265384000 44
1268593605466093000 61
1268593605682926000 53
1268593605903611000 66
1268593606104724000 61
1268593606323320000 54
1268593606524675000 61
1268593606742933000 54
1268593606944513000 56
1268593607145749000 61
1268593607354094000 54
1268593607555101000 61
1268593607773704000 54
1268593607983170000 60
1268593608184221000 61
1268593608404472000 55
1268593608605700000 61
1268593608824008000 54
1268593609025603000 56
1268593609226670000 61
1268593609443477000 53
1268593609644388000 61
1268593609863052000 54
1268593610063473000 55
1268593610264593000 61
1268593610482944000 54
1268593610684186000 61
1268593610885954000 56
1268593611103224000 53
1268593611323380000 55
1268593611524305000 61
1268593611742839000 54
1268593611963174000 66
1268593612164137000 61
1268593612384365000 55
1268593612585172000 61
1268593612803809000 54
1268593613005552000 56
1268593613233235000 59
1268593613434262000 61
1268593613654607000 55
1268593613855354000 61
1268593614055735000 55
1268593614283327000 59
1268593614484357000 61
1268593614702945000 54
1268593614903622000 61
1268593615103988000 55
1268593615322575000 54
1268593615523888000 61
1268593615744050000 55
1268593615944326000 55
1268593616145891000 61
1268593616364319000 54
1268593616565445000 61
1268593616784213000 54
1268593616985858000 56
1268593617186967000 61
1268593617387402000 44
1268593617588275000 61
1268593617803022000 52
1268593618023230000 66
1268593618224408000 61
1268593618442761000 54
1268593618644052000 61
1268593618864328000 55
1268593619066117000 56
1268593619293004000 64
1268593619494423000 61
1268593619712897000 54
1268593619914112000 61
1268593620132944000 58
1268593620334211000 61
1268593620535062000 60
1268593620762711000 59
1268593620963860000 61
1268593621165004000 53
1268593621383717000 54
1268593621584715000 61
1268593621803351000 54
1268593622004557000 61
1268593622204746000 55
1268593622423368000 54
1268593622624322000 61
1268593622844699000 55
1268593623044904000 55
1268593623263300000 54
1268593623483852000 55
1268593623684927000 61
1268593623903383000 54
1268593624112837000 60
1268593624313819000 61
1268593624534133000 55
1268593624735163000 61
1268593624935844000 61
1268593625135999000 54
1268593625353766000 59
1268593625554895000 61
1268593625773347000 54
1268593625974609000 61
1268593626176009000 50
1268593626403443000 59
1268593626604601000 61
1268593626823047000 54
1268593627024302000 61
1268593627224885000 55
1268593627443476000 54
1268593627663833000 66
1268593627864856000 61
1268593628083280000 54
1268593628303926000 55
1268593628505201000 61
1268593628723646000 54
1268593628924983000 61
1268593629125584000 55
1268593629326048000 44
1268593629527181000 61
1268593629744090000 53
1268593629945033000 61
1268593630145067000 60
1268593630346431000 61
1268593630563316000 53
1268593630764340000 61
1268593630982850000 54
1268593631184087000 55
1268593631412573000 65
1268593631613932000 61
1268593631834305000 55
1268593632035621000 61
1268593632236731000 50
1268593632462889000 58
1268593632663975000 61
1268593632884362000 55
1268593633085501000 61
1268593633285965000 55
1268593633502747000 53
1268593633704170000 61
1268593633924573000 55
1268593634125990000 61
1268593634327677000 56
1268593634542824000 52
1268593634744145000 61
1268593634945930000 67
1268593635163734000 74
1268593635384266000 55
1268593635585409000 61
1268593635804003000 54
1268593636005392000 61
1268593636205776000 44
1268593636406872000 60
1268593636629155000 56
1268593636830245000 61
1268593637049086000 54
1268593637250441000 61
1268593637472595000 56
1268593637673887000 61
1268593637894434000 55
1268593638095770000 61
1268593638296828000 50
1268593638524347000 59
1268593638725613000 61
1268593638944272000 54
1268593639145351000 61
1268593639345964000 55
1268593639562811000 53
1268593639763975000 61
1268593639983780000 55
1268593640188175000 62
1268593640394230000 58
1268593640595383000 61
1268593640814066000 54
1268593641015319000 61
1268593641215924000 55
1268593641416948000 60
1268593641639061000 56
1268593641840471000 61
1268593642059026000 54
1268593642263192000 57
1268593642464462000 61
1268593642682998000 54
1268593642884165000 61
1268593643102818000 54
1268593643303253000 55
1268593643504719000 61
1268593643723101000 54
1268593643924426000 61
1268593644143090000 54
1268593644343783000 55
1268593644545218000 61
1268593644764009000 54
1268593644984203000 66
1268593645213181000 75
1268593645414096000 66
1268593645615224000 61
1268593645832703000 53
1268593646032948000 60
1268593646254151000 55
1268593646454557000 55
1268593646655826000 61
1268593646872892000 53
1268593647073473000 60
1268593647283018000 49
1268593647494313000 61
1268593647695630000 61
1268593647914406000 54
1268593648115475000 61
1268593648317257000 56
1268593648534125000 53
1268593648734821000 60
1268593648953714000 54
1268593649155274000 61
1268593649355329000 55
1268593649573905000 54
1268593649775172000 61
1268593649983412000 54
1268593650202367000 86
1268593650402832000 55
1268593650604181000 61
1268593650824579000 55
1268593651025925000 61
1268593651244779000 54
1268593651445916000 44
1268593651646992000 61
1268593651864081000 53
1268593652082857000 54
1268593652284415000 61
1268593652485121000 55
1268593652686616000 61
1268593652903450000 53
1268593653104651000 61
1268593653312861000 54
1268593653523473000 55
1268593653724788000 61
1268593653943658000 54
1268593654144931000 61
1268593654363658000 54
1268593654564378000 55
1268593654765541000 61
1268593654966331000 44
1268593655194445000 59
1268593655394857000 55
1268593655595817000 61
1268593655814348000 54
1268593656015579000 61
1268593656234242000 54
1268593656434278000 55
1268593656635925000 61
1268593656852798000 53
1268593657054134000 61
1268593657254354000 55
1268593657473112000 65
1268593657702643000 60
1268593657904049000 61
1268593658122764000 54
1268593658323993000 61
1268593658525005000 50
1268593658754136000 60
1268593658955459000 61
1268593659174239000 54
1268593659403858000 60
1268593659613509000 60
1268593659815078000 61
1268593660015641000 44
1268593660217046000 61
1268593660433706000 53
1268593660654272000 55
1268593660855523000 61
1268593661074311000 54
1268593661275408000 61
1268593661476103000 55
1268593661693422000 53
1268593661894664000 61
1268593662113420000 54
1268593662314824000 61
1268593662515127000 55
1268593662734020000 54
1268593662935270000 61
1268593663154122000 54
1268593663374199000 66
1268593663593150000 65
1268593663794369000 61
1268593664012915000 54
1268593664214473000 61
1268593664433157000 54
1268593664634814000 56
1268593664853392000 54
1268593665073962000 55
1268593665275239000 61
1268593665483846000 54
1268593665704288000 55
1268593665905427000 61
1268593666124412000 54
1268593666325601000 61
1268593666526215000 55
1268593666743937000 53
1268593666945117000 61
1268593667163842000 54
1268593667365343000 61
1268593667565771000 55
1268593667782558000 53
1268593667983913000 61
1268593668202864000 54
1268593668404216000 61
1268593668604816000 55
1268593668823584000 54
1268593669025042000 61
1268593669244276000 54
1268593669463856000 54
1268593669684430000 55
1268593669885857000 61
1268593670104388000 54
1268593670305063000 60
1268593670523112000 53
1268593670724641000 61
1268593670925980000 61
1268593671142918000 53
1268593671373106000 66
1268593671583757000 55
1268593671783765000 60
1268593672004405000 55
1268593672205674000 61
1268593672424458000 54
1268593672625084000 55
1268593672826303000 61
1268593673043154000 53
1268593673253318000 66
1268593673454506000 61
1268593673654947000 55
1268593673873385000 54
1268593674074523000 61
1268593674293229000 54
1268593674494208000 61
1268593674694241000 55
1268593674912771000 54
1268593675133222000 55
1268593675334131000 61
1268593675552682000 54
1268593675773164000 66
1268593675974703000 61
1268593676193309000 54
1268593676394497000 61
1268593676594647000 55
1268593676813369000 54
1268593677014760000 61
1268593677233221000 54
1268593677462786000 60
1268593677673973000 61
1268593677875317000 61
1268593678094072000 54
1268593678295209000 61
1268593678513851000 54
1268593678713931000 55
1268593678915050000 61
1268593679133574000 54
1268593679334740000 61
1268593679553279000 54
1268593679753766000 55
1268593679983975000 66
1268593680185248000 61
1268593680403758000 54
1268593680604896000 61
1268593680806118000 50
1268593681032833000 58
1268593681234231000 61
1268593681436014000 56
1268593681637049000 61
1268593681837893000 55
1268593682038774000 60
1268593682253894000 56
1268593682454920000 61
1268593682654957000 55
1268593682873546000 54
1268593683075061000 61
1268593683282568000 48
1268593683513998000 61
1268593683734230000 66
1268593683935651000 61
1268593684154173000 54
1268593684355328000 61
1268593684574103000 54
1268593684774260000 55
1268593684984449000 66
1268593685185772000 61
1268593685408232000 55
1268593685609245000 61
1268593685809523000 58
1268593686024553000 52
1268593686226018000 61
1268593686444788000 54
1268593686646069000 61
1268593686846945000 55
1268593687064066000 53
1268593687282781000 54
1268593687484119000 61
1268593687684712000 55
1268593687894229000 60
1268593688095621000 61
1268593688314140000 54
1268593688515244000 61
1268593688716966000 56
1268593688934093000 53
1268593689135236000 61
1268593689343061000 48
1268593689544210000 61
1268593689745274000 61
1268593689952887000 48
1268593690153938000 61
1268593690374390000 55
1268593690575388000 61
1268593690777081000 45
1268593690978092000 61
1268593691193198000 52
1268593691394298000 61
1268593691613412000 54
1268593691813639000 55
1268593692015136000 61
1268593692233785000 54
1268593692434714000 61
1268593692653550000 54
1268593692855344000 56
1268593693056431000 61
1268593693256875000 55
1268593693457790000 61
1268593693674412000 53
1268593693892920000 65
1268593694094277000 61
1268593694312895000 54
1268593694514181000 61
1268593694734765000 55
1268593694954089000 49
1268593695155165000 61
1268593695373323000 54
1268593695574404000 61
1268593695784362000 55
1268593696003131000 54
1268593696204352000 61
1268593696422763000 54
1268593696624028000 61
1268593696824481000 55
1268593697024864000 58
1268593697225320000 44
1268593697426658000 61
1268593697643519000 53
1268593697843528000 55
1268593698044737000 61
1268593698263426000 54
1268593698464606000 61
1268593698683212000 54
1268593698883832000 55
1268593699085245000 61
1268593699285939000 44
1268593699487311000 61
1268593699704166000 53
1268593699924274000 55
1268593700125529000 61
1268593700344229000 54
1268593700545518000 61
1268593700768548000 55
1268593700969205000 55
1268593701170588000 61
1268593701373379000 51
1268593701574485000 61
1268593701793142000 54
1268593702003489000 55
1268593702203681000 58
1268593702429372000 58
1268593702630498000 61
1268593702848987000 54
1268593703049304000 55
1268593703250482000 61
1268593703463833000 51
1268593703664864000 61
1268593703865083000 55
1268593704083905000 54
1268593704285167000 61
1268593704503619000 54
1268593704704968000 61
1268593704905323000 55
1268593705105871000 55
1268593705307009000 61
1268593705523763000 53
1268593705725173000 61
1268593705925360000 44
1268593706126497000 61
1268593706343224000 53
1268593706544251000 61
1268593706764434000 55
1268593706965109000 55
1268593707166592000 59
1268593707373025000 56
1268593707574140000 61
1268593707794550000 55
1268593708002781000 54
1268593708203830000 61
1268593708424321000 55
1268593708625492000 61
1268593708844016000 54
1268593709044434000 55
1268593709245468000 61
1268593709464057000 54
1268593709665228000 61
1268593709883883000 54
1268593710084020000 55
1268593710284927000 61
1268593710503345000 54
1268593710704636000 61
1268593710923189000 54
1268593711123637000 55
1268593711344051000 55
1268593711545116000 61
1268593711763588000 54
1268593711984013000 55
1268593712185606000 61
1268593712404165000 54
1268593712605124000 61
1268593712824381000 54
1268593713024671000 55
1268593713225894000 61
1268593713425975000 55
1268593713626889000 61
1268593713843477000 53
1268593714063345000 55
1268593714264465000 61
1268593714483068000 54
1268593714683992000 61
1268593714904607000 55
1268593715105328000 55
1268593715306610000 61
1268593715523165000 53
1268593715724559000 61
1268593715943276000 54
1268593716143501000 55
1268593716344445000 61
1268593716563209000 54
1268593716764251000 61
1268593716982984000 54
1268593717183552000 55
1268593717402921000 52
1268593717633212000 66
1268593717834252000 61
1268593718035040000 55
1268593718253696000 54
1268593718454967000 61
1268593718673413000 54
1268593718874548000 61
1268593719074859000 55
1268593719284407000 49
1268593719485525000 61
1268593719704193000 54
1268593719905330000 61
1268593720105698000 55
1268593720333248000 59
1268593720534249000 61
1268593720754451000 55
1268593720955520000 61
1268593721155809000 57
1268593721374430000 54
1268593721575481000 61
1268593721794163000 54
1268593721995260000 61
1268593722196142000 55
1268593722412631000 53
1268593722613585000 61
1268593722833860000 55
1268593723034856000 61
1268593723235215000 55
1268593723435867000 55
1268593723636608000 61
1268593723853072000 53
1268593724054124000 61
1268593724254406000 55
1268593724455429000 61
1268593724673811000 54
1268593724875200000 61
1268593725075401000 55
1268593725283225000 48
1268593725484906000 61
1268593725703421000 54
1268593725904618000 61
1268593726105920000 54
1268593726333432000 59
1268593726534528000 61
1268593726752889000 54
1268593726954090000 61
1268593727155806000 56
1268593727374428000 54
1268593727575356000 61
1268593727793881000 54
1268593727994677000 61
1268593728194886000 55
1268593728413202000 54
1268593728614083000 61
1268593728834500000 55
1268593729035485000 61
1268593729237262000 56
1268593729437295000 55
1268593729638158000 61
1268593729852989000 52
1268593730053818000 61
1268593730254078000 55
1268593730454843000 61
1268593730673084000 54
1268593730874052000 61
1268593731094244000 55
1268593731296015000 56
1268593731523325000 59
1268593731724219000 61
1268593731944386000 55
1268593732153729000 60
1268593732354456000 61
1268593732573274000 54
1268593732774142000 61
1268593732994334000 55
1268593733195872000 56
1268593733396605000 61
1268593733613213000 53
1268593733814617000 61
1268593734032974000 54
1268593734233152000 55
1268593734433910000 61
1268593734654027000 55
1268593734855054000 61
1268593735072918000 54
1268593735272964000 66
1268593735493079000 55
1268593735722907000 66
1268593735923613000 61
1268593736143818000 55
1268593736344001000 55
1268593736544945000 61
1268593736763229000 54
1268593736964167000 61
1268593737184405000 55
1268593737385848000 61
1268593737613643000 59
1268593737814462000 61
1268593738034654000 55
1268593738242618000 54
1268593738443460000 61
1268593738664037000 55
1268593738864963000 61
1268593739083062000 54
1268593739312580000 60
1268593739513299000 61
1268593739733430000 55
1268593739934291000 61
1268593740152601000 54
1268593740352953000 55
1268593740553997000 61
1268593740774292000 55
1268593740975329000 61
1268593741193954000 54
1268593741394009000 65
1268593741619762000 58
1268593741820628000 61
1268593742039119000 54
1268593742239879000 61
1268593742440024000 55
1268593742641380000 61
1268593742854195000 51
1268593743055003000 61
1268593743255032000 55
1268593743455210000 44
1268593743656228000 61
1268593743872850000 53
1268593744074027000 61
1268593744274444000 55
1268593744475862000 61
1268593744694306000 54
1268593744895297000 61
1268593745102929000 48
1268593745303263000 66
1268593745523588000 55
1268593745724457000 61
1268593745942876000 54
1268593746143952000 61
1268593746344143000 54
1268593746567809000 57
1268593746769083000 61
1268593746989309000 55
1268593747190452000 61
1268593747390740000 55
1268593747590771000 55
1268593747792184000 61
1268593748003237000 50
1268593748204122000 61
1268593748405781000 45
1268593748606767000 61
1268593748823312000 53
1268593749024387000 61
1268593749242804000 54
1268593749443115000 55
1268593749644218000 61
1268593749864454000 55
1268593750065379000 61
1268593750272863000 48
1268593750482916000 55
1268593750683645000 61
1268593750903870000 55
1268593751104666000 61
1268593751312671000 54
1268593751523793000 61
1268593751724433000 61
1268593751944444000 55
1268593752145309000 61
1268593752346855000 56
1268593752563401000 53
1268593752764236000 61
1268593752984710000 55
1268593753186080000 61
1268593753386267000 55
1268593753602658000 53
1268593753803922000 61
1268593754024026000 55
1268593754224778000 61
1268593754426478000 56
1268593754643086000 53
1268593754844094000 61
1268593755062927000 54
1268593755263223000 55
1268593755474195000 50
1268593755675358000 61
1268593755893987000 54
1268593756095079000 61
1268593756313655000 54
1268593756513842000 55
1268593756714604000 61
1268593756933151000 54
1268593757134370000 61
1268593757343783000 49
1268593757554075000 55
1268593757755169000 61
1268593757973360000 54
1268593758173743000 59
1268593758397703000 57
1268593758597846000 55
1268593758812594000 63
1268593759013708000 61
1268593759234179000 55
1268593759434567000 55
1268593759663786000 60
1268593759864855000 61
1268593760083306000 54
1268593760303217000 66
1268593760523438000 55
1268593760724449000 61
1268593760944513000 55
1268593761145744000 61
1268593761346239000 44
1268593761564467000 65
1268593761765534000 61
1268593761983769000 54
1268593762184649000 61
1268593762402767000 54
1268593762604588000 56
1268593762805599000 61
1268593763024167000 54
1268593763225557000 61
1268593763433510000 54
1268593763642835000 60
1268593763843762000 61
1268593764064339000 55
1268593764265532000 61
1268593764466970000 56
1268593764683505000 53
1268593764884672000 61
1268593765103231000 54
1268593765314305000 61
1268593765514355000 55
1268593765715646000 61
1268593765934128000 54
1268593766135227000 61
1268593766353495000 54
1268593766553864000 55
1268593766754983000 61
1268593766973233000 54
1268593767174223000 61
1268593767375746000 56
1268593767593731000 54
1268593767794741000 61
1268593768012999000 54
1268593768213922000 61
1268593768434718000 55
1268593768634905000 55
1268593768835850000 61
1268593769054526000 54
1268593769283970000 60
1268593769484860000 61
1268593769686044000 50
1268593769913601000 59
1268593770114528000 61
1268593770332898000 54
1268593770533271000 55
1268593770734066000 61
1268593770954153000 55
1268593771155077000 61
1268593771373424000 54
1268593771575048000 56
1268593771775804000 61
1268593771994204000 54
1268593772195136000 61
1268593772413509000 54
1268593772613775000 55
1268593772814860000 61
1268593773033004000 54
1268593773233969000 61
1268593773434979000 61
1268593773654341000 56
1268593773855064000 61
1268593774073301000 54
1268593774274417000 61
1268593774494495000 55
1268593774694746000 55
1268593774895750000 61
1268593775103681000 48
1268593775313152000 60
1268593775513993000 61
1268593775714503000 55
1268593775943904000 60
1268593776145421000 61
1268593776364081000 54
1268593776565177000 61
1268593776766951000 56
1268593776983831000 53
1268593777184840000 61
1268593777403479000 54
1268593777603667000 55
1268593777804719000 61
1268593778023159000 54
1268593778224423000 61
1268593778444704000 55
1268593778646068000 57
1268593778847133000 61
1268593779063948000 53
1268593779284366000 55
1268593779485281000 61
1268593779685518000 55
1268593779886379000 61
1268593780103019000 53
1268593780334309000 61
1268593780535232000 61
1268593780736132000 50
1268593780963503000 59
1268593781164701000 61
1268593781374255000 55
1268593781575352000 61
1268593781775772000 55
1268593782003618000 59
1268593782204223000 61
1268593782422680000 54
1268593782623538000 61
1268593782823928000 55
1268593783044283000 55
1268593783245306000 61
1268593783463992000 54
1268593783664852000 53
1268593783865745000 61
1268593784084100000 54
1268593784285126000 61
1268593784503363000 54
1268593784703468000 55
1268593784904486000 61
1268593785104865000 44
1268593785313984000 60
1268593785515124000 61
1268593785715389000 44
1268593785916398000 61
1268593786132828000 53
1268593786333940000 61
1268593786554342000 55
1268593786755442000 55
1268593786956502000 61
1268593787173046000 53
1268593787404353000 61
1268593787605172000 61
1268593787806240000 50
1268593788033962000 59
1268593788234983000 61
1268593788453385000 54
1268593788654861000 61
1268593788855336000 55
1268593789073710000 54
1268593789274353000 61
1268593789493006000 54
1268593789713111000 55
1268593789933204000 55
1268593790153397000 55
1268593790354179000 61
1268593790574354000 55
1268593790792767000 65
1268593790993765000 61
1268593791213910000 55
1268593791433926000 66
1268593791634864000 61
1268593791834949000 44
1268593792036039000 61
1268593792254221000 54
1268593792455260000 61
1268593792673368000 54
1268593792873662000 55
1268593793074838000 61
1268593793276436000 67
1268593793493104000 53
1268593793694520000 61
1268593793894767000 55
1268593794124235000 60
1268593794325321000 61
1268593794543852000 54
1268593794745083000 61
1268593794946744000 56
1268593795152562000 47
1268593795372782000 66
1268593795573968000 61
1268593795774044000 55
1268593795994293000 55
1268593796195427000 61
1268593796413707000 54
1268593796614814000 61
1268593796815129000 55
1268593797033606000 54
1268593797234554000 61
1268593797435293000 55
1268593797636341000 61
1268593797838055000 45
1268593798038838000 61
1268593798253862000 52
1268593798454882000 61
1268593798673082000 54
1268593798873829000 55
1268593799075241000 61
1268593799283011000 48
1268593799484260000 61
1268593799702784000 54
1268593799912948000 55
1268593800114060000 61
1268593800332825000 54
1268593800533918000 61
1268593800754172000 55
1268593800954479000 55
1268593801155784000 61
1268593801374109000 54
1268593801575179000 61
1268593801793619000 54
1268593801993690000 55
1268593802194764000 61
1268593802413189000 54
1268593802614265000 61
1268593802814573000 48
1268593803015529000 53
1268593803243103000 59
1268593803454418000 50
1268593803655641000 61
1268593803855725000 55
1268593804072988000 53
1268593804274040000 61
1268593804494201000 55
1268593804695126000 61
1268593804895578000 55
1268593805103229000 48
1268593805312622000 60
1268593805513880000 61
1268593805734248000 55
1268593805943764000 60
1268593806145043000 61
1268593806363760000 54
1268593806564784000 61
1268593806783410000 54
1268593806985045000 56
1268593807186321000 61
1268593807402988000 53
1268593807634478000 61
1268593807836151000 60
1268593808037090000 55
1268593808262716000 58
1268593808463933000 61
1268593808684095000 55
1268593808885142000 61
1268593809085622000 55
1268593809286298000 44
1268593809487413000 61
1268593809704066000 53
1268593809905094000 61
1268593810105380000 55
1268593810332925000 59
1268593810534054000 61
1268593810754430000 55
1268593810964318000 55
1268593811165334000 61
1268593811373991000 54
1268593811575139000 61
1268593811793532000 54
1268593812003021000 60
1268593812204168000 61
1268593812424345000 55
1268593812625563000 61
1268593812849774000 56
1268593813051427000 59
1268593813282562000 61
1268593813483768000 61
1268593813703862000 55
1268593813905045000 61
1268593814105927000 55
1268593814322805000 53
1268593814524008000 61
1268593814744486000 55
1268593814945569000 61
1268593815154186000 43
1268593815372626000 65
1268593815574126000 61
1268593815794326000 55
1268593816014435000 55
1268593816215588000 61
1268593816434004000 54
1268593816635322000 61
1268593816853862000 54
1268593817054341000 55
1268593817283945000 60
1268593817484973000 61
1268593817703613000 54
1268593817904810000 61
1268593818106061000 50
1268593818334268000 59
1268593818535801000 61
1268593818754407000 54
1268593818956234000 61
1268593819157384000 55
1268593819373935000 53
1268593819575014000 61
1268593819793692000 54
1268593819994688000 61
1268593820214397000 49
1268593820415550000 61
1268593820624104000 54
1268593820825323000 61
1268593821025528000 55
1268593821244118000 54
1268593821462869000 54
1268593821664603000 61
1268593821883498000 54
1268593822104354000 66
1268593822306135000 61
1268593822522754000 53
1268593822723968000 61
1268593822944455000 55
1268593823144655000 55
1268593823373084000 65
1268593823574125000 61
1268593823794188000 55
1268593823995053000 61
1268593824195741000 55
1268593824416752000 50
1268593824617676000 61
1268593824835936000 54
1268593825037031000 61
1268593825238641000 52
1268593825438826000 55
1268593825639617000 61
1268593825854564000 52
1268593826055736000 61
1268593826257519000 56
1268593826472732000 52
1268593826674285000 61
1268593826894713000 55
1268593827122511000 62
1268593827322842000 55
1268593827524522000 61
1268593827741268000 53
1268593827972739000 61
1268593828193130000 55
1268593828394177000 62
1268593828607194000 51
1268593828836528000 60
1268593829037859000 59
1268593829239116000 67
1268593829464034000 57
1268593829683415000 60
1268593829892671000 49
1268593830096842000 46
1268593830322365000 62
1268593830526689000 32
1268593830743996000 53
1268593830944979000 61
1268593831145903000 56
1268593831346363000 50
1268593831602452000 64
1268593831812478000 44
1268593832066030000 46
1268593832266829000 39
1268593832472596000 58
1268593832673872000 61
1268593832894187000 55
1268593833099139000 51
1268593833300588000 53
1268593833513846000 51
1268593833714717000 61
1268593833933324000 54
1268593834134621000 61
1268593834336224000 49
1268593834555694000 59
1268593834756989000 55
1268593834976824000 48
1268593835178073000 61
1268593835396590000 54
1268593835597897000 61
1268593835816428000 54
1268593836017433000 61
1268593836235908000 54
1268593836436941000 61
1268593836657593000 55
1268593836858565000 61
1268593837077148000 54
1268593837278200000 61
1268593837496708000 54
1268593837697857000 61
1268593837918288000 55
1268593838119822000 61
1268593838338502000 54
1268593838539721000 61
1268593838758852000 54
1268593838959685000 61
1268593839178493000 54
1268593839379894000 61
